 0.0000000000     1.4208836208307087
 0.0030015009     1.4213144403226825
 0.0060030017     1.4217357651147076
 0.0090045026     1.4221475910484784
 0.0120060034     1.4225499140594391
 0.0150075043     1.4229427301768238
 0.0180090051     1.4233260355236965
 0.0210105069     1.4236998263169875
 0.0240120068     1.4240640988675335
 0.0270135067     1.4244188495801104
 0.0300150067     1.4247640749534731
 0.0330165066     1.4250997715803853
 0.0360180065     1.4254259361476576
 0.0390195064     1.4257425654361773
 0.0420210063     1.4260496563209408
 0.0450225063     1.4263472057710855
 0.0480240062     1.4266352108499181
 0.0510255061     1.4269136687149453
 0.0540270060     1.4271825766178994
 0.0570285060     1.4274419319047691
 0.0600300059     1.4276917320158216
 0.0630315095     1.4279319744856307
 0.0660330132     1.4281626569431007
 0.0690345168     1.4283837771114887
 0.0720360205     1.4285953328084273
 0.0750375241     1.4287973219459482
 0.0780390278     1.4289897425304996
 0.0810405314     1.4291725926629679
 0.0840420350     1.4293458705386966
 0.0870435387     1.4295095744475024
 0.0900450423     1.4296637027736943
 0.0930465460     1.4298082539960875
 0.0960480496     1.4299432266880201
 0.0990495533     1.4300686195173662
 0.1020510569     1.4301844312465488
 0.1050525606     1.4302906607325536
 0.1080540642     1.4303873069269375
 0.1110555679     1.4304743688758426
 0.1140570715     1.4305518457200019
 0.1170585752     1.4306197366947504
 0.1200600788     1.4306780411300319
 0.1230615824     1.4307267584504044
 0.1260630786     1.4307658881750485
 0.1290645748     1.4307954299177690
 0.1320660710     1.4308153833870010
 0.1350675672     1.4308257483858120
 0.1380690634     1.4308265248119034
 0.1410705596     1.4308177126576125
 0.1440720558     1.4307993120099114
 0.1470735520     1.4307713230504069
 0.1500750482     1.4307337460553393
 0.1530765444     1.4306865813955778
 0.1560780406     1.4306298295366191
 0.1590795368     1.4305634910385807
 0.1620810330     1.4304875665561967
 0.1650825292     1.4304020568388116
 0.1680840254     1.4303069627303717
 0.1710855216     1.4302022851694169
 0.1740870178     1.4300880251890731
 0.1770885140     1.4299641839170398
 0.1800900102     1.4298307625755806
 0.1830915064     1.4296877624815101
 0.1860930026     1.4295351850461815
 0.1890944988     1.4293730317754725
 0.1920959949     1.4292013042697707
 0.1950974911     1.4290200042239567
 0.1980989873     1.4288291334273890
 0.2011004835     1.4286286937638857
 0.2041019797     1.4284186872117051
 0.2071034759     1.4281991158435268
 0.2101049721     1.4279699818264318
 0.2131064683     1.4277312874218802
 0.2161079645     1.4274830349856897
 0.2191094607     1.4272252269680115
 0.2221109569     1.4269578659133064
 0.2251124531     1.4266809544603205
 0.2281139493     1.4263944953420578
 0.2311154455     1.4260984913857540
 0.2341169417     1.4257929455128491
 0.2371184379     1.4254778607389571
 0.2401199341     1.4251532401738376
 0.2431214303     1.4248190870213644
 0.2461229265     1.4244754045794945
 0.2491244227     1.4241221962402348
 0.2521259189     1.4237594654896091
 0.2551274300     1.4233872159076231
 0.2581289411     1.4230054511682302
 0.2611304522     1.4226141750392940
 0.2641319633     1.4222133913825523
 0.2671334743     1.4218031041535772
 0.2701349854     1.4213833174017396
 0.2731364965     1.4209540352701633
 0.2761380076     1.4205152619956911
 0.2791395187     1.4200670019088375
 0.2821410298     1.4196092594337486
 0.2851425409     1.4191420390881582
 0.2881440520     1.4186653454833413
 0.2911455631     1.4181791833240731
 0.2941470742     1.4176835574085764
 0.2971485853     1.4171784726284797
 0.3001500964     1.4166639339687654
 0.3031516075     1.4161399465077225
 0.3061531186     1.4156065154168960
 0.3091546297     1.4150636459610351
 0.3121561408     1.4145113434980421
 0.3151576519     1.4139496134789193
 0.3181591630     1.4133784614477156
 0.3211606741     1.4127978930414709
 0.3241621852     1.4122079139901604
 0.3271636963     1.4116085301166397
 0.3301652074     1.4109997473365856
 0.3331667185     1.4103815716584380
 0.3361682296     1.4097540091833420
 0.3391697407     1.4091170661050851
 0.3421712518     1.4084707487100390
 0.3451727629     1.4078150633770949
 0.3481742740     1.4071500165776023
 0.3511757851     1.4064756148753055
 0.3541772962     1.4057918649262759
 0.3571788073     1.4050987734788503
 0.3601803184     1.4043963473735610
 0.3631818295     1.4036845935430700
 0.3661833405     1.4029635190121006
 0.3691848516     1.4022331308973670
 0.3721863627     1.4014934364075053
 0.3751878738     1.4007444428430018
 0.3781893849     1.3999861575961197
 0.3811908960     1.3992185881508290
 0.3841924071     1.3984417420827300
 0.3871939182     1.3976556270589797
 0.3901954293     1.3968602508382160
 0.3931969404     1.3960556212704813
 0.3961984515     1.3952417462971443
 0.3991999626     1.3944186339508229
 0.4022014737     1.3935862923553028
 0.4052029848     1.3927447297254603
 0.4082044959     1.3918939543671787
 0.4112060070     1.3910339746772671
 0.4142075181     1.3901647991433779
 0.4172090292     1.3892864363439226
 0.4202105403     1.3883988949479880
 0.4232120514     1.3875021837152486
 0.4262135625     1.3865963114958821
 0.4292150736     1.3856812872304829
 0.4322165847     1.3847571199499698
 0.4352180958     1.3838238187755012
 0.4382196069     1.3828813929183830
 0.4412211180     1.3819298516799776
 0.4442226291     1.3809692044516135
 0.4472241402     1.3799994607144903
 0.4502256513     1.3790206300395880
 0.4532271624     1.3780327220875692
 0.4562286735     1.3770357466086873
 0.4592301846     1.3760297134426873
 0.4622316957     1.3750146325187111
 0.4652332067     1.3739905138551967
 0.4682347178     1.3729573675597826
 0.4712362289     1.3719152038292051
 0.4742377400     1.3708640329492001
 0.4772392511     1.3698038652943989
 0.4802407622     1.3687347113282291
 0.4832422733     1.3676565816028086
 0.4862437844     1.3665694867588420
 0.4892452955     1.3654734375255171
 0.4922468066     1.3643684447203968
 0.4952483177     1.3632545192493142
 0.4982498288     1.3621316721062644
 0.5012513399     1.3609999143732951
 0.5042528510     1.3598592572203980
 0.5072543621     1.3587097119053988
 0.5102558732     1.3575512897738460
 0.5132573843     1.3563840022588980
 0.5162588954     1.3552078608812113
 0.5192604065     1.3540228772488265
 0.5222619176     1.3528290630570541
 0.5252634287     1.3516264300883574
 0.5282649398     1.3504149902122393
 0.5312664509     1.3491947553851213
 0.5342679620     1.3479657376502292
 0.5372694731     1.3467279491374715
 0.5402709842     1.3454814020633215
 0.5432724953     1.3442261087306950
 0.5462740064     1.3429620815288306
 0.5492755175     1.3416893329331669
 0.5522770286     1.3404078755052182
 0.5552785397     1.3391177218924522
 0.5582800508     1.3378188848281640
 0.5612815619     1.3365113771313515
 0.5642830729     1.3351952117065875
 0.5672845840     1.3338704015438931
 0.5702860951     1.3325369597186105
 0.5732876062     1.3311948993912714
 0.5762891173     1.3298442338074701
 0.5792906284     1.3284849762977300
 0.5822921395     1.3271171402773743
 0.5852936506     1.3257407392463929
 0.5882951617     1.3243557867893068
 0.5912966728     1.3229622965750392
 0.5942981839     1.3215602823567747
 0.5972996950     1.3201497579718284
 0.6003012061     1.3187307373415060
 0.6033027172     1.3173032344709688
 0.6063042283     1.3158672634490935
 0.6093057394     1.3144228384483347
 0.6123072505     1.3129699737245832
 0.6153087616     1.3115086836170280
 0.6183102727     1.3100389825480121
 0.6213117838     1.3085608850228925
 0.6243132949     1.3070744056298942
 0.6273148060     1.3055795590399688
 0.6303163171     1.3040763600066494
 0.6333178282     1.3025648233659024
 0.6363193393     1.3010449640359847
 0.6393208504     1.2995167970172947
 0.6423223615     1.2979803373922238
 0.6453238726     1.2964356003250079
 0.6483253837     1.2948826010615782
 0.6513268948     1.2933213549294107
 0.6543284059     1.2917518773373746
 0.6573299170     1.2901741837755798
 0.6603314281     1.2885882898152246
 0.6633329391     1.2869942111084427
 0.6663344502     1.2853919633881470
 0.6693359613     1.2837815624678757
 0.6723374724     1.2821630242416353
 0.6753389835     1.2805363646837458
 0.6783404946     1.2789015998486792
 0.6813420057     1.2772587458709053
 0.6843435168     1.2756078189647291
 0.6873450279     1.2739488354241328
 0.6903465390     1.2722818116226140
 0.6933480501     1.2706067640130247
 0.6963495612     1.2689237091274090
 0.6993510723     1.2672326635768385
 0.7023525834     1.2655336440512504
 0.7053540945     1.2638266673192815
 0.7083556056     1.2621117502281030
 0.7113571167     1.2603889097032541
 0.7143586278     1.2586581627484756
 0.7173601389     1.2569195264455408
 0.7203616500     1.2551730179540888
 0.7233631611     1.2534186545114518
 0.7263646722     1.2516564534324905
 0.7293661833     1.2498864321094170
 0.7323676944     1.2481086080116275
 0.7353692055     1.2463229986855278
 0.7383707166     1.2445296217543615
 0.7413722277     1.2427284949180353
 0.7443737388     1.2409196359529431
 0.7473752499     1.2391030627117929
 0.7503767610     1.2372787931234290
 0.7533782721     1.2354468451926564
 0.7563797832     1.2336072370000610
 0.7593812943     1.2317599867018330
 0.7623828053     1.2299051125295872
 0.7653843164     1.2280426327901830
 0.7683858275     1.2261725658655431
 0.7713873386     1.2242949302124737
 0.7743888497     1.2224097443624802
 0.7773903608     1.2205170269215859
 0.7803918719     1.2186167965701482
 0.7833933830     1.2167090720626730
 0.7863948941     1.2147938722276312
 0.7893964052     1.2128712159672717
 0.7923979163     1.2109411222574362
 0.7953994274     1.2090036101473700
 0.7984009385     1.2070586987595355
 0.8014024496     1.2051064072894226
 0.8044039607     1.2031467550053607
 0.8074054718     1.2011797612483257
 0.8104069829     1.1992054454317531
 0.8134084940     1.1972238270413418
 0.8164100051     1.1952349256348662
 0.8194115162     1.1932387608419790
 0.8224130273     1.1912353523640224
 0.8254145384     1.1892247199738282
 0.8284160495     1.1872068835155267
 0.8314175606     1.1851818629043485
 0.8344190717     1.1831496781264306
 0.8374205828     1.1811103492386159
 0.8404220939     1.1790638963682569
 0.8434236050     1.1770103397130174
 0.8464251161     1.1749496995406727
 0.8494266272     1.1728819961889092
 0.8524281383     1.1708072500651243
 0.8554296494     1.1687254816462245
 0.8584311604     1.1666367114784240
 0.8614326715     1.1645409601770405
 0.8644341826     1.1624382484262941
 0.8674356937     1.1603285969790997
 0.8704372048     1.1582120266568665
 0.8734387159     1.1560885583492886
 0.8764402270     1.1539582130141410
 0.8794417381     1.1518210116770722
 0.8824432492     1.1496769754313962
 0.8854447603     1.1475261254378857
 0.8884462714     1.1453684829245609
 0.8914477825     1.1432040691864835
 0.8944492936     1.1410329055855428
 0.8974508047     1.1388550135502464
 0.9004523158     1.1366704145755104
 0.9034538269     1.1344791302224444
 0.9064553380     1.1322811821181400
 0.9094568491     1.1300765919554578
 0.9124583602     1.1278653814928128
 0.9154598713     1.1256475725539594
 0.9184613824     1.1234231870277764
 0.9214628935     1.1211922468680513
 0.9244644046     1.1189547740932628
 0.9274659157     1.1167107907863634
 0.9304674268     1.1144603190945628
 0.9334689379     1.1122033812291077
 0.9364704490     1.1099399994650638
 0.9394719601     1.1076701961410960
 0.9424734712     1.1053939936592456
 0.9454749823     1.1031114144847129
 0.9484764934     1.1008224811456326
 0.9514780045     1.0985272162328530
 0.9544795156     1.0962256423997119
 0.9574810266     1.0939177823618138
 0.9604825377     1.0916036588968054
 0.9634840488     1.0892832948441515
 0.9664855599     1.0869567131049080
 0.9694870710     1.0846239366414980
 0.9724885821     1.0822849884774828
 0.9754900932     1.0799398916973371
 0.9784916043     1.0775886694462187
 0.9814931154     1.0752313449297428
 0.9844946265     1.0728679414137501
 0.9874961376     1.0704984822240793
 0.9904976487     1.0681229907463357
 0.9934991598     1.0657414904256621
 0.9965006709     1.0633540047665040
 0.9995021820     1.0609605573323817
 1.0025036335     1.0585611717456551
 1.0055050850     1.0561558716872912
 1.0085065365     1.0537446808966304
 1.0115079880     1.0513276231711526
 1.0145094395     1.0489047223662413
 1.0175108910     1.0464760023949498
 1.0205123425     1.0440414872277635
 1.0235137939     1.0416012008923639
 1.0265152454     1.0391551674733923
 1.0295166969     1.0367034111122111
 1.0325181484     1.0342459560066655
 1.0355195999     1.0317828264108457
 1.0385210514     1.0293140466348460
 1.0415225029     1.0268396410445264
 1.0445239544     1.0243596340612708
 1.0475254059     1.0218740501617471
 1.0505268574     1.0193829138776651
 1.0535283089     1.0168862497955338
 1.0565297604     1.0143840825564201
 1.0595312119     1.0118764368557041
 1.0625326633     1.0093633374428368
 1.0655341148     1.0068448091210949
 1.0685355663     1.0043208767473359
 1.0715370178     1.0017915652317535
 1.0745384693     0.9992568995376313
 1.0775399208     0.9967169046810964
 1.0805413723     0.9941716057308723
 1.0835428238     0.9916210278080325
 1.0865442753     0.9890651960857511
 1.0895457268     0.9865041357890555
 1.0925471783     0.9839378721945767
 1.0955486298     0.9813664306303006
 1.0985500813     0.9787898364753171
 1.1015515327     0.9762081151595705
 1.1045529842     0.9736212921636077
 1.1075544357     0.9710293930183272
 1.1105558872     0.9684324433047277
 1.1135573387     0.9658304686536542
 1.1165587902     0.9632234947455456
 1.1195602417     0.9606115473101825
 1.1225616932     0.9579946521264313
 1.1255631447     0.9553728350219910
 1.1285645962     0.9527461218731382
 1.1315660477     0.9501145386044708
 1.1345674992     0.9474781111886537
 1.1375689507     0.9448368656461608
 1.1405704021     0.9421908280450193
 1.1435718536     0.9395400245005522
 1.1465733051     0.9368844811751204
 1.1495747566     0.9342242242778641
 1.1525762081     0.9315592800644451
 1.1555776596     0.9288896748367871
 1.1585791111     0.9262154349428157
 1.1615805626     0.9235365867761991
 1.1645820141     0.9208531567760870
 1.1675834656     0.9181651714268503
 1.1705849171     0.9154726572578195
 1.1735863686     0.9127756408430221
 1.1765878201     0.9100741488009212
 1.1795892715     0.9073682077941529
 1.1825907230     0.9046578445292623
 1.1855921745     0.9019430857564409
 1.1885936260     0.8992239582692612
 1.1915950775     0.8965004889044145
 1.1945965290     0.8937727045414433
 1.1975979805     0.8910406321024784
 1.2005994320     0.8883042985519716
 1.2036008835     0.8855637308964305
 1.2066023350     0.8828189561841512
 1.2096037865     0.8800700015049521
 1.2126052380     0.8773168939899062
 1.2156066895     0.8745596608110732
 1.2186081409     0.8717983291812312
 1.2216095924     0.8690329263536090
 1.2246110439     0.8662634796216158
 1.2276124954     0.8634900163185725
 1.2306139469     0.8607125638174427
 1.2336153984     0.8579311495305610
 1.2366168499     0.8551458009093637
 1.2396183014     0.8523565454441168
 1.2426197529     0.8495634106636465
 1.2456212044     0.8467664241350645
 1.2486226559     0.8439656134634992
 1.2516241074     0.8411610062918211
 1.2546255589     0.8383526303003708
 1.2576270103     0.8355405132066853
 1.2606284618     0.8327246827652250
 1.2636299133     0.8299051667670999
 1.2666313648     0.8270819930397942
 1.2696328163     0.8242551894468934
 1.2726342678     0.8214247838878072
 1.2756357193     0.8185908042974959
 1.2786371708     0.8157532786461940
 1.2816386223     0.8129122349391342
 1.2846400738     0.8100677012162708
 1.2876415253     0.8072197055520035
 1.2906429768     0.8043682760548994
 1.2936444283     0.8015134408674166
 1.2966458797     0.7986552281656256
 1.2996473312     0.7957936661589327
 1.3026487827     0.7929287830897985
 1.3056502342     0.7900606072334631
 1.3086516857     0.7871891668976640
 1.3116531372     0.7843144904223580
 1.3146545887     0.7814366061794416
 1.3176560402     0.7785555425724703
 1.3206574917     0.7756713280363784
 1.3236589432     0.7727839910371997
 1.3266603947     0.7698935600717841
 1.3296618462     0.7670000636675187
 1.3326632977     0.7641035303820446
 1.3356647491     0.7612039888029760
 1.3386662006     0.7583014675476177
 1.3416676521     0.7553959952626830
 1.3446691036     0.7524876006240098
 1.3476705551     0.7495763123362795
 1.3506720066     0.7466621591327320
 1.3536734581     0.7437451697748829
 1.3566749096     0.7408253730522396
 1.3596763611     0.7379027977820167
 1.3626778126     0.7349774728088526
 1.3656792641     0.7320494270045238
 1.3686807156     0.7291186892676598
 1.3716821671     0.7261852885234593
 1.3746836185     0.7232492537234033
 1.3776850700     0.7203106138449699
 1.3806865215     0.7173693978913483
 1.3836879730     0.7144256348911528
 1.3866894245     0.7114793538981357
 1.3896908760     0.7085305839909005
 1.3926923275     0.7055793542726160
 1.3956937790     0.7026256938707283
 1.3986952305     0.6996696319366728
 1.4016966820     0.6967111976455874
 1.4046981335     0.6937504201960243
 1.4076995850     0.6907873288096616
 1.4107010365     0.6878219527310152
 1.4137024879     0.6848543212271495
 1.4167039394     0.6818844635873895
 1.4197053909     0.6789124091230312
 1.4227068424     0.6759381871670523
 1.4257082939     0.6729618270738225
 1.4287097454     0.6699833582188146
 1.4317111969     0.6670028099983135
 1.4347126484     0.6640202118291273
 1.4377140999     0.6610355931482953
 1.4407155514     0.6580489834127992
 1.4437170029     0.6550604120992711
 1.4467184544     0.6520699087037037
 1.4497199059     0.6490775027411579
 1.4527213573     0.6460832237454729
 1.4557228088     0.6430871012689729
 1.4587242603     0.6400891648821775
 1.4617257118     0.6370894441735085
 1.4647271633     0.6340879687489984
 1.4677286148     0.6310847682319977
 1.4707300663     0.6280798722628831
 1.4737315178     0.6250733104987648
 1.4767329693     0.6220651126131935
 1.4797344208     0.6190553082958680
 1.4827358723     0.6160439272523414
 1.4857373238     0.6130309992037294
 1.4887387753     0.6100165538864151
 1.4917402267     0.6070006210517570
 1.4947416782     0.6039832304657946
 1.4977431297     0.6009644119089547
 1.5007445812     0.5979441951757576
 1.5037460327     0.5949226100745234
 1.5067474842     0.5918996864270771
 1.5097489357     0.5888754540684547
 1.5127503872     0.5858499428466086
 1.5157518387     0.5828231826221132
 1.5187532902     0.5797952032678699
 1.5217547417     0.5767660346688125
 1.5247561932     0.5737357067216120
 1.5277576447     0.5707042493343821
 1.5307590961     0.5676716924263833
 1.5337605476     0.5646380659277278
 1.5367619991     0.5616033997790845
 1.5397634506     0.5585677239313833
 1.5427649021     0.5555310683455192
 1.5457663536     0.5524934629920567
 1.5487678051     0.5494549378509346
 1.5517692566     0.5464155229111691
 1.5547707081     0.5433752481705586
 1.5577721596     0.5403341436353876
 1.5607736111     0.5372922393201299
 1.5637750626     0.5342495652471532
 1.5667765141     0.5312061514464221
 1.5697779655     0.5281620279552023
 1.5727794170     0.5251172248177632
 1.5757808685     0.5220717720850833
 1.5787823200     0.5190256998145508
 1.5817837715     0.5159790380696699
 1.5847852230     0.5129318169197616
 1.5877866745     0.5098840664396688
 1.5907881260     0.5068358167094580
 1.5937895775     0.5037870978141236
 1.5967910290     0.5007379398432900
 1.5997924805     0.4976883728909157
 1.6027939320     0.4946384270549952
 1.6057953835     0.4915881324372627
 1.6087968349     0.4885375191428944
 1.6117982864     0.4854866172802122
 1.6147997379     0.4824354569603856
 1.6178011894     0.4793840682971354
 1.6208026409     0.4763324814064355
 1.6238040924     0.4732807264062166
 1.6268055439     0.4702288334160686
 1.6298069954     0.4671768325569433
 1.6328084469     0.4641247539508568
 1.6358098984     0.4610726277205930
 1.6388113499     0.4580204839894054
 1.6418128014     0.4549683528807206
 1.6448142529     0.4519162645178403
 1.6478157043     0.4488642490236446
 1.6508171558     0.4458123365202942
 1.6538186073     0.4427605571289334
 1.6568200588     0.4397089409693927
 1.6598215103     0.4366575181598917
 1.6628229618     0.4336063188167416
 1.6658244133     0.4305553730540481
 1.6688258648     0.4275047109834140
 1.6718273163     0.4244543627136426
 1.6748287678     0.4214043583504397
 1.6778302193     0.4183547279961171
 1.6808316708     0.4153055017492950
 1.6838331223     0.4122567097046058
 1.6868345737     0.4092083819523958
 1.6898360252     0.4061605485784294
 1.6928374767     0.4031132396635915
 1.6958389282     0.4000664852835910
 1.6988403797     0.3970203155086633
 1.7018418312     0.3939747604032745
 1.7048432827     0.3909298500258240
 1.7078447342     0.3878856144283478
 1.7108461857     0.3848420836562222
 1.7138476372     0.3817992877478675
 1.7168490887     0.3787572567344505
 1.7198505402     0.3757160206395894
 1.7228519917     0.3726756094790568
 1.7258534431     0.3696360532604830
 1.7288548946     0.3665973819830611
 1.7318563461     0.3635596256372496
 1.7348577976     0.3605228142044775
 1.7378592491     0.3574869776568474
 1.7408607006     0.3544521459568406
 1.7438621521     0.3514183490570206
 1.7468636036     0.3483856168997381
 1.7498650551     0.3453539794168351
 1.7528665066     0.3423234665293497
 1.7558679581     0.3392941081472206
 1.7588694096     0.3362659341689919
 1.7618708611     0.3332389744815183
 1.7648723125     0.3302132589596700
 1.7678737640     0.3271888174660377
 1.7708752155     0.3241656798506377
 1.7738766670     0.3211438759506180
 1.7768781185     0.3181234355899629
 1.7798795700     0.3151043885791996
 1.7828810215     0.3120867647151032
 1.7858824730     0.3090705937804029
 1.7888839245     0.3060559055434881
 1.7918853760     0.3030427297581147
 1.7948868275     0.3000310961631114
 1.7978882790     0.2970210344820856
 1.8008897305     0.2940125744231309
 1.8038911819     0.2910057456785340
 1.8068926334     0.2880005779244802
 1.8098940849     0.2849971008207623
 1.8128955364     0.2819953440104866
 1.8158969879     0.2789953371197808
 1.8188984394     0.2759971097575021
 1.8218998909     0.2730006915149439
 1.8249013424     0.2700061119655447
 1.8279027939     0.2670134006645957
 1.8309042454     0.2640225871489491
 1.8339056969     0.2610337009367268
 1.8369071484     0.2580467715270293
 1.8399085999     0.2550618283996440
 1.8429100513     0.2520789010147541
 1.8459115028     0.2490980188126490
 1.8489129543     0.2461192112134326
 1.8519144058     0.2431425076167330
 1.8549158573     0.2401679374014132
 1.8579173088     0.2371955299252805
 1.8609187603     0.2342253145247964
 1.8639202118     0.2312573205147878
 1.8669216633     0.2282915771881575
 1.8699231148     0.2253281138155947
 1.8729245663     0.2223669596452865
 1.8759260178     0.2194081439026292
 1.8789274693     0.2164516957899397
 1.8819289207     0.2134976444861670
 1.8849303722     0.2105460191466051
 1.8879318237     0.2075968489026043
 1.8909332752     0.2046501628612847
 1.8939347267     0.2017059901052473
 1.8969361782     0.1987643596922892
 1.8999376297     0.1958253006551144
 1.9029390812     0.1928888420010497
 1.9059405327     0.1899550127117559
 1.9089419842     0.1870238417429440
 1.9119434357     0.1840953580240881
 1.9149448872     0.1811695904581400
 1.9179463387     0.1782465679212447
 1.9209477901     0.1753263192624544
 1.9239492416     0.1724088733034442
 1.9269506931     0.1694942588382284
 1.9299521446     0.1665825046328747
 1.9329535961     0.1636736394252217
 1.9359550476     0.1607676919245946
 1.9389564991     0.1578646908115222
 1.9419579506     0.1549646647374533
 1.9449594021     0.1520676423244747
 1.9479608536     0.1491736521650277
 1.9509623051     0.1462827228216270
 1.9539637566     0.1433948828265784
 1.9569652081     0.1405101606816962
 1.9599666595     0.1376285848580239
 1.9629681110     0.1347501837955511
 1.9659695625     0.1318749859029345
 1.9689710140     0.1290030195572166
 1.9719724655     0.1261343131035455
 1.9749739170     0.1232688948548959
 1.9779753685     0.1204067930917892
 1.9809768200     0.1175480360620141
 1.9839782715     0.1146926519803485
 1.9869797230     0.1118406690282805
 1.9899811745     0.1089921153537304
 1.9929826260     0.1061470190707732
 1.9959840775     0.1033054082593602
 1.9989855289     0.1004673109650431
 2.0019869804     0.0976327551986965
 2.0049884319     0.0948017689362415
 2.0079898834     0.0919743801183693
 2.0109913349     0.0891506166502662
 2.0139927864     0.0863305064013378
 2.0169942379     0.0835140772049335
 2.0199956894     0.0807013568580725
 2.0229971409     0.0778923731211693
 2.0259985924     0.0750871537177590
 2.0290000439     0.0722857263342248
 2.0320014954     0.0694881186195240
 2.0350029469     0.0666943581849151
 2.0380043983     0.0639044726036860
 2.0410058498     0.0611184894108810
 2.0440073013     0.0583364361030292
 2.0470087528     0.0555583401378738
 2.0500102043     0.0527842289341007
 2.0530116558     0.0500141298710669
 2.0560131073     0.0472480702885322
 2.0590145588     0.0444860774863881
 2.0620160103     0.0417281787243881
 2.0650174618     0.0389744012218799
 2.0680189133     0.0362247721575355
 2.0710203648     0.0334793186690839
 2.0740218163     0.0307380678530424
 2.0770232677     0.0280010467644501
 2.0800247192     0.0252682824165999
 2.0830261707     0.0225398017807730
 2.0860276222     0.0198156317859714
 2.0890290737     0.0170957993186535
 2.0920305252     0.0143803312224673
 2.0950319767     0.0116692542979870
 2.0980334282     0.0089625953024471
 2.1010348797     0.0062603809494794
 2.1040363312     0.0035626379088484
 2.1070377827     0.0008693928061889
 2.1100392342    -0.0018193277772573
 2.1130406857    -0.0045034973049035
 2.1160421371    -0.0071830892850799
 2.1190435886    -0.0098580772712958
 2.1220450401    -0.0125284348624996
 2.1250464916    -0.0151941357033397
 2.1280479431    -0.0178551534844254
 2.1310493946    -0.0205114619425851
 2.1340508461    -0.0231630348611270
 2.1370522976    -0.0258098460700967
 2.1400537491    -0.0284518694465363
 2.1430552006    -0.0310890789147415
 2.1460566521    -0.0337214484465198
 2.1490581036    -0.0363489520614463
 2.1520595551    -0.0389715638271215
 2.1550610065    -0.0415892578594256
 2.1580624580    -0.0442020083227757
 2.1610639095    -0.0468097894303792
 2.1640653610    -0.0494125754444897
 2.1670668125    -0.0520103406766599
 2.1700682640    -0.0546030594879957
 2.1730697155    -0.0571907062894089
 2.1760711670    -0.0597732555418706
 2.1790726185    -0.0623506817566623
 2.1820740700    -0.0649229594956278
 2.1850755215    -0.0674900633714240
 2.1880769730    -0.0700519680477724
 2.1910784245    -0.0726086482397078
 2.1940798759    -0.0751600787138291
 2.1970813274    -0.0777062342885474
 2.2000827789    -0.0802470898343353
 2.2030842304    -0.0827826202739742
 2.2060856819    -0.0853128005828024
 2.2090871334    -0.0878376057889616
 2.2120885849    -0.0903570109736439
 2.2150900364    -0.0928709912713371
 2.2180914879    -0.0953795218700706
 2.2210929394    -0.0978825780116603
 2.2240943909    -0.1003801349919522
 2.2270958424    -0.1028721681610676
 2.2300972939    -0.1053586529236454
 2.2330987453    -0.1078395647390840
 2.2361001968    -0.1103148791217861
 2.2391016483    -0.1127845716413979
 2.2421030998    -0.1152486179230511
 2.2451045513    -0.1177069936476038
 2.2481060028    -0.1201596745518802
 2.2511074543    -0.1226066364289099
 2.2541089058    -0.1250478551281669
 2.2571103573    -0.1274833065558083
 2.2601118088    -0.1299129666749117
 2.2631132603    -0.1323368115057128
 2.2661147118    -0.1347548171258413
 2.2691161633    -0.1371669596705583
 2.2721176147    -0.1395732153329905
 2.2751190662    -0.1419735603643661
 2.2781205177    -0.1443679710742485
 2.2811219692    -0.1467564238307709
 2.2841234207    -0.1491388950608685
 2.2871248722    -0.1515153612505125
 2.2901263237    -0.1538857989449409
 2.2931277752    -0.1562501847488903
 2.2961292267    -0.1586084953268276
 2.2991306782    -0.1609607074031797
 2.3021321297    -0.1633067977625629
 2.3051335812    -0.1656467432500124
 2.3081350327    -0.1679805207712109
 2.3111364841    -0.1703081072927166
 2.3141379356    -0.1726294798421900
 2.3171393871    -0.1749446155086214
 2.3201408386    -0.1772534914425566
 2.3231422901    -0.1795560848563219
 2.3261437416    -0.1818523730242500
 2.3291451931    -0.1841423332829039
 2.3321466446    -0.1864259430313001
 2.3351480961    -0.1887031797311325
 2.3381495476    -0.1909740209069941
 2.3411509991    -0.1932384441465995
 2.3441524506    -0.1954964271010051
 2.3471539021    -0.1977479474848311
 2.3501553535    -0.1999929830764802
 2.3531568050    -0.2022315117183573
 2.3561582565    -0.2044635113170885
 2.3591597080    -0.2066889598437391
 2.3621611595    -0.2089078353340303
 2.3651626110    -0.2111201158885571
 2.3681640625    -0.2133257796730031
 2.3711655140    -0.2155248049183576
 2.3741669655    -0.2177171699211290
 2.3771684170    -0.2199028530435600
 2.3801698685    -0.2220818327138405
 2.3831713200    -0.2242540874263209
 2.3861727715    -0.2264195957417240
 2.3891742229    -0.2285783362873569
 2.3921756744    -0.2307302877573226
 2.3951771259    -0.2328754289127279
 2.3981785774    -0.2350137385818964
 2.4011800289    -0.2371451956605744
 2.4041814804    -0.2392697791121413
 2.4071829319    -0.2413874679678162
 2.4101843834    -0.2434982413268651
 2.4131858349    -0.2456020783568068
 2.4161872864    -0.2476989582936193
 2.4191887379    -0.2497888604419443
 2.4221901894    -0.2518717641752913
 2.4251916409    -0.2539476489362413
 2.4281930923    -0.2560164942366496
 2.4311945438    -0.2580782796578486
 2.4341959953    -0.2601329848508485
 2.4371974468    -0.2621805895365383
 2.4401988983    -0.2642210735058867
 2.4432003498    -0.2662544166201407
 2.4462018013    -0.2682805988110246
 2.4492032528    -0.2702996000809379
 2.4522047043    -0.2723114005031538
 2.4552061558    -0.2743159802220138
 2.4582076073    -0.2763133194531254
 2.4612090588    -0.2783033984835569
 2.4642105103    -0.2802861976720316
 2.4672119617    -0.2822616974491221
 2.4702134132    -0.2842298783174431
 2.4732148647    -0.2861907208518439
 2.4762163162    -0.2881442056996004
 2.4792177677    -0.2900903135806060
 2.4822192192    -0.2920290252875613
 2.4852206707    -0.2939603216861646
 2.4882221222    -0.2958841837153002
 2.4912235737    -0.2978005923872263
 2.4942250252    -0.2997095287877632
 2.4972264767    -0.3016109740764792
 2.5002279282    -0.3035049094868771
 2.5032293797    -0.3053913163265787
 2.5062308311    -0.3072701759775104
 2.5092322826    -0.3091414698960859
 2.5122337341    -0.3110051796133896
 2.5152351856    -0.3128612867353591
 2.5182366371    -0.3147097729429663
 2.5212380886    -0.3165506199923988
 2.5242395401    -0.3183838097152392
 2.5272409916    -0.3202093240186452
 2.5302424431    -0.3220271448855274
 2.5332438946    -0.3238372543747278
 2.5362453461    -0.3256396346211967
 2.5392467976    -0.3274342678361684
 2.5422482491    -0.3292211363073380
 2.5452497005    -0.3310002223990347
 2.5482511520    -0.3327715085523972
 2.5512526035    -0.3345349772855463
 2.5542540550    -0.3362906111937574
 2.5572555065    -0.3380383929496328
 2.5602569580    -0.3397783053032719
 2.5632584095    -0.3415103310824423
 2.5662598610    -0.3432344531927491
 2.5692613125    -0.3449506546178028
 2.5722627640    -0.3466589184193883
 2.5752642155    -0.3483592277376316
 2.5782656670    -0.3500515657911660
 2.5812671185    -0.3517359158772982
 2.5842685699    -0.3534122613721730
 2.5872700214    -0.3550805857309369
 2.5902714729    -0.3567408724879022
 2.5932729244    -0.3583931052567087
 2.5962743759    -0.3600372677304861
 2.5992758274    -0.3616733436820146
 2.6022772789    -0.3633013169638851
 2.6052787304    -0.3649211715086585
 2.6082801819    -0.3665328913290244
 2.6112816334    -0.3681364605179590
 2.6142830849    -0.3697318632488814
 2.6172845364    -0.3713190837758111
 2.6202859879    -0.3728981064335221
 2.6232874393    -0.3744689156376985
 2.6262888908    -0.3760314958850871
 2.6292903423    -0.3775858317536523
 2.6322917938    -0.3791319079027261
 2.6352932453    -0.3806697090731616
 2.6382946968    -0.3821992200874816
 2.6412961483    -0.3837204258500300
 2.6442975998    -0.3852333113471201
 2.6472990513    -0.3867378616471830
 2.6503005028    -0.3882340619009144
 2.6533019543    -0.3897218973414219
 2.6563034058    -0.3912013532843704
 2.6593048573    -0.3926724151281270
 2.6623063087    -0.3941350683539052
 2.6653077602    -0.3955892985259082
 2.6683092117    -0.3970350912914712
 2.6713106632    -0.3984724323812035
 2.6743121147    -0.3999013076091285
 2.6773135662    -0.4013217028728249
 2.6803150177    -0.4027336041535646
 2.6833164692    -0.4041369975164522
 2.6863179207    -0.4055318691105617
 2.6893193722    -0.4069182051690732
 2.6923208237    -0.4082959920094105
 2.6953222752    -0.4096652160333725
 2.6983237267    -0.4110258637272719
 2.7013251781    -0.4123779216620644
 2.7043266296    -0.4137213764934846
 2.7073280811    -0.4150562149621755
 2.7103295326    -0.4163824238938206
 2.7133309841    -0.4176999901992727
 2.7163324356    -0.4190089008746846
 2.7193338871    -0.4203091430016361
 2.7223353386    -0.4216007037472626
 2.7253367901    -0.4228835703643809
 2.7283382416    -0.4241577301916151
 2.7313396931    -0.4254231706535227
 2.7343411446    -0.4266798792607168
 2.7373425961    -0.4279278436099908
 2.7403440475    -0.4291670513844404
 2.7433454990    -0.4303974903535854
 2.7463469505    -0.4316191483734899
 2.7493484020    -0.4328320133868819
 2.7523498535    -0.4340360734232742
 2.7553513050    -0.4352313165990798
 2.7583527565    -0.4364177311177311
 2.7613542080    -0.4375953052697960
 2.7643556595    -0.4387640274330927
 2.7673571110    -0.4399238860728057
 2.7703585625    -0.4410748697415983
 2.7733600140    -0.4422169670797261
 2.7763614655    -0.4433501668151498
 2.7793629169    -0.4444744577636454
 2.7823643684    -0.4455898288289152
 2.7853658199    -0.4466962690026969
 2.7883672714    -0.4477937673648729
 2.7913687229    -0.4488823130835772
 2.7943701744    -0.4499618954153032
 2.7973716259    -0.4510325037050090
 2.8003730774    -0.4520941273862232
 2.8033745289    -0.4531467559811484
 2.8063759804    -0.4541903791007655
 2.8093774319    -0.4552249864449356
 2.8123788834    -0.4562505678025019
 2.8153803349    -0.4572671130513907
 2.8183817863    -0.4582746121587103
 2.8213832378    -0.4592730551808515
 2.8243846893    -0.4602624322635849
 2.8273861408    -0.4612427336421577
 2.8303875923    -0.4622139496413917
 2.8333890438    -0.4631760706757763
 2.8363904953    -0.4641290872495658
 2.8393919468    -0.4650729899568715
 2.8423933983    -0.4660077694817545
 2.8453948498    -0.4669334165983182
 2.8483963013    -0.4678499221707993
 2.8513977528    -0.4687572771536582
 2.8543992043    -0.4696554725916670
 2.8574006557    -0.4705444996199996
 2.8604021072    -0.4714243494643180
 2.8634035587    -0.4722950134408598
 2.8664050102    -0.4731564829565225
 2.8694064617    -0.4740087495089502
 2.8724079132    -0.4748518046866160
 2.8754093647    -0.4756856401689057
 2.8784108162    -0.4765102477261996
 2.8814122677    -0.4773256192199541
 2.8844137192    -0.4781317466027817
 2.8874151707    -0.4789286219185305
 2.8904166222    -0.4797162373023631
 2.8934180737    -0.4804945849808333
 2.8964195251    -0.4812636572719636
 2.8994209766    -0.4820234465853216
 2.9024224281    -0.4827739454220933
 2.9054238796    -0.4835151463751580
 2.9084253311    -0.4842470421291613
 2.9114267826    -0.4849696254605884
 2.9144282341    -0.4856828892378326
 2.9174296856    -0.4863868264212688
 2.9204311371    -0.4870814300633214
 2.9234325886    -0.4877666933085326
 2.9264340401    -0.4884426093936308
 2.9294354916    -0.4891091716475972
 2.9324369431    -0.4897663734917315
 2.9354383945    -0.4904142084397169
 2.9384398460    -0.4910526700976838
 2.9414412975    -0.4916817521642733
 2.9444427490    -0.4923014484306998
 2.9474442005    -0.4929117527808109
 2.9504456520    -0.4935126591911493
 2.9534471035    -0.4941041617310112
 2.9564485550    -0.4946862545625054
 2.9594500065    -0.4952589319406107
 2.9624514580    -0.4958221882132325
 2.9654529095    -0.4963760178212587
 2.9684543610    -0.4969204152986147
 2.9714558125    -0.4974553752723175
 2.9744572639    -0.4979808924625277
 2.9774587154    -0.4984969616826032
 2.9804601669    -0.4990035778391487
 2.9834616184    -0.4995007359320674
 2.9864630699    -0.4999884310546100
 2.9894645214    -0.5004666583934219
 2.9924659729    -0.5009354132285931
 2.9954674244    -0.5013946909337018
 2.9984688759    -0.5018444869758633
 3.0014703274    -0.5022847969157712
 3.0044717789    -0.5027156164077452
 3.0074732304    -0.5031369411997703
 3.0104746819    -0.5035487671335411
 3.0134761333    -0.5039510901445017
 3.0164775848    -0.5043439062618864
 3.0194790363    -0.5047272116087590
 3.0224804878    -0.5051010024020504
 3.0254819393    -0.5054652749525960
 3.0284833908    -0.5058200256651731
 3.0314848423    -0.5061652510385355
 3.0344862938    -0.5065009476654480
 3.0374877453    -0.5068271122327201
 3.0404891968    -0.5071437415212398
 3.0434906483    -0.5074508324060035
 3.0464920998    -0.5077483818561481
 3.0494935513    -0.5080363869349808
 3.0524950027    -0.5083148448000078
 3.0554964542    -0.5085837527029622
 3.0584979057    -0.5088431079898317
 3.0614993572    -0.5090929081008841
 3.0645008087    -0.5093331505706934
 3.0675022602    -0.5095638330281633
 3.0705037117    -0.5097849531965514
 3.0735051632    -0.5099965088934901
 3.0765066147    -0.5101984980310109
 3.0795080662    -0.5103909186155622
 3.0825095177    -0.5105737687480306
 3.0855109692    -0.5107470466237590
 3.0885124207    -0.5109107505325650
 3.0915138721    -0.5110648788587567
 3.0945153236    -0.5112094300811502
 3.0975167751    -0.5113444027730827
 3.1005182266    -0.5114697956024288
 3.1035196781    -0.5115856073316115
 3.1065211296    -0.5116918368176161
 3.1095225811    -0.5117884830120003
 3.1125240326    -0.5118755449609053
 3.1155254841    -0.5119530218050646
 3.1185269356    -0.5120209127798131
 3.1215283871    -0.5120792172150944
 3.1245298386    -0.5121279345354671
 3.1275312901    -0.5121670642601110
 3.1305327415    -0.5121966060028318
 3.1335341930    -0.5122165594720638
 3.1365356445    -0.5122269244708747
 3.1395370960    -0.5122277008969661
 3.1425385475    -0.5122188887426751
 3.1455399990    -0.5122004880949739
 3.1485414505    -0.5121724991354695
 3.1515429020    -0.5121349221404018
 3.1545443535    -0.5120877574806404
 3.1575458050    -0.5120310056216816
 3.1605472565    -0.5119646671236432
 3.1635487080    -0.5118887426412595
 3.1665501595    -0.5118032329238742
 3.1695516109    -0.5117081388154342
 3.1725530624    -0.5116034612544795
 3.1755545139    -0.5114892012741357
 3.1785559654    -0.5113653600021024
 3.1815574169    -0.5112319386606432
 3.1845588684    -0.5110889385665727
 3.1875603199    -0.5109363611312441
 3.1905617714    -0.5107742078605353
 3.1935632229    -0.5106024803548332
 3.1965646744    -0.5104211803090192
 3.1995661259    -0.5102303095124517
 3.2025675774    -0.5100298698489484
 3.2055690289    -0.5098198632967677
 3.2085704803    -0.5096002919285891
 3.2115719318    -0.5093711579114943
 3.2145733833    -0.5091324635069429
 3.2175748348    -0.5088842110707522
 3.2205762863    -0.5086264030530740
 3.2235777378    -0.5083590419983691
 3.2265791893    -0.5080821305453831
 3.2295806408    -0.5077956714271202
 3.2325820923    -0.5074996674708165
 3.2355835438    -0.5071941215979116
 3.2385849953    -0.5068790368240197
 3.2415864468    -0.5065544162589001
 3.2445878983    -0.5062202631064271
 3.2475893497    -0.5058765806645572
 3.2505908012    -0.5055233723252975
 3.2535922527    -0.5051606415746717
 3.2565937042    -0.5047883919926857
 3.2595951557    -0.5044066272532927
 3.2625966072    -0.5040153511243567
 3.2655980587    -0.5036145674676148
 3.2685995102    -0.5032042802386401
 3.2716009617    -0.5027844934868020
 3.2746024132    -0.5023552113552261
 3.2776038647    -0.5019164380807538
 3.2806053162    -0.5014681779939001
 3.2836067677    -0.5010104355188112
 3.2866082191    -0.5005432151732205
 3.2896096706    -0.5000665215684040
 3.2926111221    -0.4995803594091356
 3.2956125736    -0.4990847334936391
 3.2986140251    -0.4985796487135424
 3.3016154766    -0.4980651100538280
 3.3046169281    -0.4975411225927852
 3.3076183796    -0.4970076915019586
 3.3106198311    -0.4964648220460978
 3.3136212826    -0.4959125195831047
 3.3166227341    -0.4953507895639820
 3.3196241856    -0.4947796375327782
 3.3226256371    -0.4941990691265334
 3.3256270885    -0.4936090900752230
 3.3286285400    -0.4930097062017024
 3.3316299915    -0.4924009234216483
 3.3346314430    -0.4917827477435008
 3.3376328945    -0.4911551852684046
 3.3406343460    -0.4905182421901478
 3.3436357975    -0.4898719247951017
 3.3466372490    -0.4892162394621576
 3.3496387005    -0.4885511926626650
 3.3526401520    -0.4878767909603681
 3.3556416035    -0.4871930410113386
 3.3586430550    -0.4864999495639129
 3.3616445065    -0.4857975234586235
 3.3646459579    -0.4850857696281325
 3.3676474094    -0.4843646950971632
 3.3706488609    -0.4836343069824299
 3.3736503124    -0.4828946124925680
 3.3766517639    -0.4821456189280643
 3.3796532154    -0.4813873336811823
 3.3826546669    -0.4806197642358916
 3.3856561184    -0.4798429181677925
 3.3886575699    -0.4790568031440423
 3.3916590214    -0.4782614269232786
 3.3946604729    -0.4774567973555440
 3.3976619244    -0.4766429223822070
 3.4006633759    -0.4758198100358854
 3.4036648273    -0.4749874684403655
 3.4066662788    -0.4741459058105230
 3.4096677303    -0.4732951304522412
 3.4126691818    -0.4724351507623297
 3.4156706333    -0.4715659752284405
 3.4186720848    -0.4706876124289853
 3.4216735363    -0.4698000710330505
 3.4246749878    -0.4689033598003110
 3.4276764393    -0.4679974875809449
 3.4306778908    -0.4670824633155456
 3.4336793423    -0.4661582960350323
 3.4366807938    -0.4652249948605638
 3.4396822453    -0.4642825690034456
 3.4426836967    -0.4633310277650404
 3.4456851482    -0.4623703805366761
 3.4486865997    -0.4614006367995530
 3.4516880512    -0.4604218061246506
 3.4546895027    -0.4594338981726318
 3.4576909542    -0.4584369226937500
 3.4606924057    -0.4574308895277500
 3.4636938572    -0.4564158086037737
 3.4666953087    -0.4553916899402593
 3.4696967602    -0.4543585436448451
 3.4726982117    -0.4533163799142677
 3.4756996632    -0.4522652090342625
 3.4787011147    -0.4512050413794616
 3.4817025661    -0.4501358874132919
 3.4847040176    -0.4490577576878712
 3.4877054691    -0.4479706628439047
 3.4907069206    -0.4468746136105797
 3.4937083721    -0.4457696208054595
 3.4967098236    -0.4446556953343768
 3.4997112751    -0.4435328481913270
 3.5027127266    -0.4424010904583576
 3.5057141781    -0.4412604333054607
 3.5087156296    -0.4401108879904613
 3.5117170811    -0.4389524658589086
 3.5147185326    -0.4377851783439605
 3.5177199841    -0.4366090369662738
 3.5207214355    -0.4354240533338892
 3.5237228870    -0.4342302391421166
 3.5267243385    -0.4330276061734201
 3.5297257900    -0.4318161662973018
 3.5327272415    -0.4305959314701839
 3.5357286930    -0.4293669137352918
 3.5387301445    -0.4281291252225343
 3.5417315960    -0.4268825781483840
 3.5447330475    -0.4256272848157576
 3.5477344990    -0.4243632576138933
 3.5507359505    -0.4230905090182295
 3.5537374020    -0.4218090515902808
 3.5567388535    -0.4205188979775148
 3.5597403049    -0.4192200609132267
 3.5627417564    -0.4179125532164141
 3.5657432079    -0.4165963877916501
 3.5687446594    -0.4152715776289558
 3.5717461109    -0.4139381358036730
 3.5747475624    -0.4125960754763341
 3.5777490139    -0.4112454098925327
 3.5807504654    -0.4098861523827927
 3.5837519169    -0.4085183163624371
 3.5867533684    -0.4071419153314554
 3.5897548199    -0.4057569628743694
 3.5927562714    -0.4043634726601016
 3.5957577229    -0.4029614584418373
 3.5987591743    -0.4015509340568910
 3.6017606258    -0.4001319134265688
 3.6047620773    -0.3987044105560315
 3.6077635288    -0.3972684395341562
 3.6107649803    -0.3958240145333973
 3.6137664318    -0.3943711498096459
 3.6167678833    -0.3929098597020907
 3.6197693348    -0.3914401586330751
 3.6227707863    -0.3899620611079553
 3.6257722378    -0.3884755817149569
 3.6287736893    -0.3869807351250315
 3.6317751408    -0.3854775360917118
 3.6347765923    -0.3839659994509649
 3.6377780437    -0.3824461401210474
 3.6407794952    -0.3809179731023574
 3.6437809467    -0.3793815134772864
 3.6467823982    -0.3778367764100705
 3.6497838497    -0.3762837771466408
 3.6527853012    -0.3747225310144734
 3.6557867527    -0.3731530534224372
 3.6587882042    -0.3715753598606423
 3.6617896557    -0.3699894659002873
 3.6647911072    -0.3683953871935051
 3.6677925587    -0.3667931394732094
 3.6707940102    -0.3651827385529381
 3.6737954617    -0.3635642003266980
 3.6767969131    -0.3619375407688083
 3.6797983646    -0.3603027759337419
 3.6827998161    -0.3586599219559679
 3.6858012676    -0.3570089950497916
 3.6888027191    -0.3553500115091953
 3.6918041706    -0.3536829877076766
 3.6948056221    -0.3520079400980874
 3.6978070736    -0.3503248852124714
 3.7008085251    -0.3486338396619011
 3.7038099766    -0.3469348201363129
 3.7068114281    -0.3452278434043442
 3.7098128796    -0.3435129263131655
 3.7128143311    -0.3417900857883168
 3.7158157825    -0.3400593388335382
 3.7188172340    -0.3383207025306035
 3.7218186855    -0.3365741940391511
 3.7248201370    -0.3348198305965147
 3.7278215885    -0.3330576295175530
 3.7308230400    -0.3312876081944796
 3.7338244915    -0.3295097840966900
 3.7368259430    -0.3277241747705906
 3.7398273945    -0.3259307978394245
 3.7428288460    -0.3241296710030980
 3.7458302975    -0.3223208120380057
 3.7488317490    -0.3205042387968555
 3.7518332005    -0.3186799692084918
 3.7548346519    -0.3168480212777189
 3.7578361034    -0.3150084130851236
 3.7608375549    -0.3131611627868955
 3.7638390064    -0.3113062886146498
 3.7668404579    -0.3094438088752456
 3.7698419094    -0.3075737419506059
 3.7728433609    -0.3056961062975364
 3.7758448124    -0.3038109204475429
 3.7788462639    -0.3019182030066486
 3.7818477154    -0.3000179726552106
 3.7848491669    -0.2981102481477355
 3.7878506184    -0.2961950483126937
 3.7908520699    -0.2942723920523344
 3.7938535213    -0.2923422983424988
 3.7968549728    -0.2904047862324325
 3.7998564243    -0.2884598748445980
 3.8028578758    -0.2865075833744853
 3.8058593273    -0.2845479310904232
 3.8088607788    -0.2825809373333885
 3.8118622303    -0.2806066215168157
 3.8148636818    -0.2786250031264044
 3.8178651333    -0.2766361017199285
 3.8208665848    -0.2746399369270418
 3.8238680363    -0.2726365284490850
 3.8268694878    -0.2706258960588907
 3.8298709393    -0.2686080596005892
 3.8328723907    -0.2665830389894113
 3.8358738422    -0.2645508542114934
 3.8388752937    -0.2625115253236787
 3.8418767452    -0.2604650724533196
 3.8448781967    -0.2584115157980801
 3.8478796482    -0.2563508756257353
 3.8508810997    -0.2542831722739717
 3.8538825512    -0.2522084261501870
 3.8568840027    -0.2501266577312872
 3.8598854542    -0.2480378875634864
 3.8628869057    -0.2459421362621032
 3.8658883572    -0.2438394245113565
 3.8688898087    -0.2417297730641624
 3.8718912601    -0.2396132027419293
 3.8748927116    -0.2374897344343513
 3.8778941631    -0.2353593890992037
 3.8808956146    -0.2332221877621347
 3.8838970661    -0.2310781515164588
 3.8868985176    -0.2289273015229483
 3.8898999691    -0.2267696590096236
 3.8929014206    -0.2246052452715463
 3.8959028721    -0.2224340816706053
 3.8989043236    -0.2202561896353094
 3.9019057751    -0.2180715906605731
 3.9049072266    -0.2158803063075069
 3.9079086781    -0.2136823582032025
 3.9109101295    -0.2114777680405205
 3.9139115810    -0.2092665575778754
 3.9169130325    -0.2070487486390220
 3.9199144840    -0.2048243631128391
 3.9229159355    -0.2025934229531141
 3.9259173870    -0.2003559501783254
 3.9289188385    -0.1981119668714259
 3.9319202900    -0.1958614951796253
 3.9349217415    -0.1936045573141703
 3.9379231930    -0.1913411755501265
 3.9409246445    -0.1890713722261584
 3.9439260960    -0.1867951697443082
 3.9469275475    -0.1845125905697756
 3.9499289989    -0.1822236572306953
 3.9529304504    -0.1799283923179157
 3.9559319019    -0.1776268184847744
 3.9589333534    -0.1753189584468763
 3.9619348049    -0.1730048349818680
 3.9649362564    -0.1706844709292141
 3.9679377079    -0.1683578891899708
 3.9709391594    -0.1660251127265607
 3.9739406109    -0.1636861645625455
 3.9769420624    -0.1613410677823997
 3.9799435139    -0.1589898455312815
 3.9829449654    -0.1566325210148054
 3.9859464169    -0.1542691174988126
 3.9889478683    -0.1518996583091418
 3.9919493198    -0.1495241668313985
 3.9949507713    -0.1471426665107246
 3.9979522228    -0.1447551808515666
 4.0009536743    -0.1423617334174444
 4.0039553642    -0.1399623478307178
 4.0069570541    -0.1375570477723538
 4.0099587440    -0.1351458569816930
 4.0129604340    -0.1327287992562150
 4.0159621239    -0.1303058984513039
 4.0189638138    -0.1278771784800123
 4.0219655037    -0.1254426633128259
 4.0249671936    -0.1230023769774264
 4.0279688835    -0.1205563435584548
 4.0309705734    -0.1181045871972738
 4.0339722633    -0.1156471320917282
 4.0369739532    -0.1131840024959083
 4.0399756432    -0.1107152227199087
 4.0429773331    -0.1082408171295890
 4.0459790230    -0.1057608101463334
 4.0489807129    -0.1032752262468098
 4.0519824028    -0.1007840899627277
 4.0549840927    -0.0982874258805965
 4.0579857826    -0.0957852586414826
 4.0609874725    -0.0932776129407667
 4.0639891624    -0.0907645135278995
 4.0669908524    -0.0882459852061575
 4.0699925423    -0.0857220528323985
 4.0729942322    -0.0831927413168161
 4.0759959221    -0.0806580756226939
 4.0789976120    -0.0781180807661590
 4.0819993019    -0.0755727818159349
 4.0850009918    -0.0730222038930951
 4.0880026817    -0.0704663721708137
 4.0910043716    -0.0679053118741181
 4.0940060616    -0.0653390482796393
 4.0970077515    -0.0627676067153631
 4.1000094414    -0.0601910125603796
 4.1030111313    -0.0576092912446330
 4.1060128212    -0.0550224682486703
 4.1090145111    -0.0524305691033899
 4.1120162010    -0.0498336193897903
 4.1150178909    -0.0472316447387167
 4.1180195808    -0.0446246708306081
 4.1210212708    -0.0420127233952451
 4.1240229607    -0.0393958282114939
 4.1270246506    -0.0367740111070538
 4.1300263405    -0.0341472979582007
 4.1330280304    -0.0315157146895334
 4.1360297203    -0.0288792872737163
 4.1390314102    -0.0262380417312233
 4.1420331001    -0.0235920041300819
 4.1450347900    -0.0209412005856148
 4.1480364799    -0.0182856572601828
 4.1510381699    -0.0156254003629267
 4.1540398598    -0.0129604561495078
 4.1570415497    -0.0102908509218497
 4.1600432396    -0.0076166110278783
 4.1630449295    -0.0049377628612617
 4.1660466194    -0.0022543328611497
 4.1690483093     0.0004336524880870
 4.1720499992     0.0031261666571178
 4.1750516891     0.0058231830719154
 4.1780533791     0.0085246751140162
 4.1810550690     0.0112306161207845
 4.1840567589     0.0139409793856751
 4.1870584488     0.0166557381584965
 4.1900601387     0.0193748656456762
 4.1930618286     0.0220983350105229
 4.1960635185     0.0248261193734941
 4.1990652084     0.0275581918124590
 4.2020668983     0.0302945253629657
 4.2050685883     0.0330350930185070
 4.2080702782     0.0357798677307862
 4.2110719681     0.0385288224099853
 4.2140736580     0.0412819299250312
 4.2170753479     0.0440391631038642
 4.2200770378     0.0468004947337061
 4.2230787277     0.0495658975613284
 4.2260804176     0.0523353442933217
 4.2290821075     0.0551088075963649
 4.2320837975     0.0578862600974948
 4.2350854874     0.0606676743843763
 4.2380871773     0.0634530230055738
 4.2410888672     0.0662422784708205
 4.2440905571     0.0690354132512910
 4.2470922470     0.0718323997798729
 4.2500939369     0.0746332104514382
 4.2530956268     0.0774378176231163
 4.2560973167     0.0802461936145667
 4.2590990067     0.0830583107082522
 4.2621006966     0.0858741411497125
 4.2651023865     0.0886936571478375
 4.2681040764     0.0915168308751432
 4.2711057663     0.0943436344680440
 4.2741074562     0.0971740400271302
 4.2771091461     0.1000080196174415
 4.2801108360     0.1028455452687434
 4.2831125259     0.1056865889758031
 4.2861142159     0.1085311226986665
 4.2891159058     0.1113791183629339
 4.2921175957     0.1142305478600380
 4.2951192856     0.1170853830475207
 4.2981209755     0.1199435957493117
 4.3011226654     0.1228051577560048
 4.3041243553     0.1256700408251389
 4.3071260452     0.1285382166814743
 4.3101277351     0.1314096570172734
 4.3131294250     0.1342843334925794
 4.3161311150     0.1371622177354958
 4.3191328049     0.1400432813424672
 4.3221344948     0.1429274958785589
 4.3251361847     0.1458148328777376
 4.3281378746     0.1487052638431533
 4.3311395645     0.1515987602474187
 4.3341412544     0.1544952935328928
 4.3371429443     0.1573948351119613
 4.3401446342     0.1602973563673195
 4.3431463242     0.1632028286522544
 4.3461480141     0.1661112232909275
 4.3491497040     0.1690225115786578
 4.3521513939     0.1719366647822052
 4.3551530838     0.1748536541400545
 4.3581547737     0.1777734508626978
 4.3611564636     0.1806960261329207
 4.3641581535     0.1836213511060847
 4.3671598434     0.1865493969104136
 4.3701615334     0.1894801346472776
 4.3731632233     0.1924135353914781
 4.3761649132     0.1953495701915341
 4.3791666031     0.1982882100699674
 4.3821682930     0.2012294260235889
 4.3851699829     0.2041731890237845
 4.3881716728     0.2071194700168018
 4.3911733627     0.2100682399240368
 4.3941750526     0.2130194696423214
 4.3971767426     0.2159731300442091
 4.4001784325     0.2189291919782646
 4.4031801224     0.2218876262693499
 4.4061818123     0.2248484037189131
 4.4091835022     0.2278114951052757
 4.4121851921     0.2307768711839221
 4.4151868820     0.2337445026877878
 4.4181885719     0.2367143603275479
 4.4211902618     0.2396864147919062
 4.4241919518     0.2426606367478852
 4.4271936417     0.2456369968411148
 4.4301953316     0.2486154656961228
 4.4331970215     0.2515960139166238
 4.4361987114     0.2545786120858101
 4.4392004013     0.2575632307666421
 4.4422020912     0.2605498405021383
 4.4452037811     0.2635384118156662
 4.4482054710     0.2665289152112336
 4.4512071609     0.2695213211737795
 4.4542088509     0.2725156001694647
 4.4572105408     0.2755117226459645
 4.4602122307     0.2785096590327599
 4.4632139206     0.2815093797414288
 4.4662156105     0.2845108551659390
 4.4692173004     0.2875140556829396
 4.4722189903     0.2905189516520542
 4.4752206802     0.2935255134161726
 4.4782223701     0.2965337113017439
 4.4812240601     0.2995435156190695
 4.4842257500     0.3025548966625960
 4.4872274399     0.3055678247112080
 4.4902291298     0.3085822700285223
 4.4932308197     0.3115982028631804
 4.4962325096     0.3146155934491428
 4.4992341995     0.3176344120059826
 4.5022358894     0.3206546287391798
 4.5052375793     0.3236762138404140
 4.5082392693     0.3266991374878602
 4.5112409592     0.3297233698464827
 4.5142426491     0.3327488810683287
 4.5172443390     0.3357756412928242
 4.5202460289     0.3388036206470675
 4.5232477188     0.3418327892461249
 4.5262494087     0.3448631171933254
 4.5292510986     0.3478945745805553
 4.5322527885     0.3509271314885541
 4.5352544785     0.3539607579872096
 4.5382561684     0.3569954241358529
 4.5412578583     0.3600310999835541
 4.5442595482     0.3630677555694182
 4.5472612381     0.3661053609228807
 4.5502629280     0.3691438860640028
 4.5532646179     0.3721833010037683
 4.5562663078     0.3752235757443787
 4.5592679977     0.3782646802795497
 4.5622696877     0.3813065845948074
 4.5652713776     0.3843492586677842
 4.5682730675     0.3873926724685152
 4.5712747574     0.3904367959597351
 4.5742764473     0.3934815990971741
 4.5772781372     0.3965270518298541
 4.5802798271     0.3995731241003865
 4.5832815170     0.4026197858452675
 4.5862832069     0.4056670069951757
 4.5892848969     0.4087147574752686
 4.5922865868     0.4117630072054794
 4.5952882767     0.4148117261008138
 4.5982899666     0.4178608840716475
 4.6012916565     0.4209104510240217
 4.6042933464     0.4239603968599422
 4.6072950363     0.4270106914776747
 4.6102967262     0.4300613047720430
 4.6132984161     0.4331122066347252
 4.6163001060     0.4361633669545518
 4.6193017960     0.4392147556178020
 4.6223034859     0.4422663425085019
 4.6253051758     0.4453180975087208
 4.6283068657     0.4483699904988687
 4.6313085556     0.4514219913579941
 4.6343102455     0.4544740699640806
 4.6373119354     0.4575261961943444
 4.6403136253     0.4605783399255320
 4.6433153152     0.4636304710342168
 4.6463170052     0.4666825593970971
 4.6493186951     0.4697345748912928
 4.6523203850     0.4727864873946432
 4.6553220749     0.4758382667860040
 4.6583237648     0.4788898829455447
 4.6613254547     0.4819413057550457
 4.6643271446     0.4849925050981958
 4.6673288345     0.4880434508608893
 4.6703305244     0.4910941129315233
 4.6733322144     0.4941444612012948
 4.6763339043     0.4971944655644977
 4.6793355942     0.5002440959188204
 4.6823372841     0.5032933221656424
 4.6853389740     0.5063421142103316
 4.6883406639     0.5093904419625416
 4.6913423538     0.5124382753365080
 4.6943440437     0.5154855842513459
 4.6973457336     0.5185323386313464
 4.7003474236     0.5215785084062741
 4.7033491135     0.5246240635116628
 4.7063508034     0.5276689738891134
 4.7093524933     0.5307132094865896
 4.7123541832     0.5337567402587151
 4.7153558731     0.5367995361670700
 4.7183575630     0.5398415671804869
 4.7213592529     0.5428828032753479
 4.7243609428     0.5459232144358807
 4.7273626328     0.5489627706544543
 4.7303643227     0.5520014419318764
 4.7333660126     0.5550391982776878
 4.7363677025     0.5580760097104599
 4.7393693924     0.5611118462580900
 4.7423710823     0.5641466779580968
 4.7453727722     0.5671804748579168
 4.7483744621     0.5702132070151993
 4.7513761520     0.5732448444981023
 4.7543778419     0.5762753573855878
 4.7573795319     0.5793047157677168
 4.7603812218     0.5823328897459455
 4.7633829117     0.5853598494334191
 4.7663846016     0.5883855649552674
 4.7693862915     0.5914100064488997
 4.7723879814     0.5944331440642997
 4.7753896713     0.5974549479643194
 4.7783913612     0.6004753883249745
 4.7813930511     0.6034944353357378
 4.7843947411     0.6065120591998342
 4.7873964310     0.6095282301345345
 4.7903981209     0.6125429183714494
 4.7933998108     0.6155560941568227
 4.7964015007     0.6185677277518260
 4.7994031906     0.6215777894328519
 4.8024048805     0.6245862494918064
 4.8054065704     0.6275930782364033
 4.8084082603     0.6305982459904571
 4.8114099503     0.6336017230941751
 4.8144116402     0.6366034799044508
 4.8174133301     0.6396034867951567
 4.8204150200     0.6426017141574352
 4.8234167099     0.6455981323999934
 4.8264183998     0.6485927119493926
 4.8294200897     0.6515854232503417
 4.8324217796     0.6545762367659883
 4.8354234695     0.6575651229782107
 4.8384251595     0.6605520523879080
 4.8414268494     0.6635369955152934
 4.8444285393     0.6665199229001832
 4.8474302292     0.6695008051022884
 4.8504319191     0.6724796127015048
 4.8534336090     0.6754563162982044
 4.8564352989     0.6784308865135242
 4.8594369888     0.6814032939896569
 4.8624386787     0.6843735093901412
 4.8654403687     0.6873415034001495
 4.8684420586     0.6903072467267798
 4.8714437485     0.6932707100993427
 4.8744454384     0.6962318642696508
 4.8774471283     0.6991906800123081
 4.8804488182     0.7021471281249977
 4.8834505081     0.7051011794287705
 4.8864521980     0.7080528047683323
 4.8894538879     0.7110019750123331
 4.8924555779     0.7139486610536527
 4.8954572678     0.7168928338096900
 4.8984589577     0.7198344642226482
 4.9014606476     0.7227735232598229
 4.9044623375     0.7257099819138878
 4.9074640274     0.7286438112031814
 4.9104657173     0.7315749821719933
 4.9134674072     0.7345034658908492
 4.9164690971     0.7374292334567973
 4.9194707870     0.7403522559936927
 4.9224724770     0.7432725046524830
 4.9254741669     0.7461899506114931
 4.9284758568     0.7491045650767090
 4.9314775467     0.7520163192820627
 4.9344792366     0.7549251844897157
 4.9374809265     0.7578311319903428
 4.9404826164     0.7607341331034151
 4.9434843063     0.7636341591774841
 4.9464859962     0.7665311815904627
 4.9494876862     0.7694251717499098
 4.9524893761     0.7723161010933104
 4.9554910660     0.7752039410883590
 4.9584927559     0.7780886632332412
 4.9614944458     0.7809702390569134
 4.9644961357     0.7838486401193863
 4.9674978256     0.7867238380120030
 4.9704995155     0.7895958043577208
 4.9735012054     0.7924645108113918
 4.9765028954     0.7953299290600415
 4.9795045853     0.7981920308231483
 4.9825062752     0.8010507878529234
 4.9855079651     0.8039061719345889
 4.9885096550     0.8067581548866568
 4.9915113449     0.8096067085612070
 4.9945130348     0.8124518048441641
 4.9975147247     0.8152934156555772
 5.0005164146     0.8181315129498943
 5.0035181046     0.8209660687162409
 5.0065197945     0.8237970549786959
 5.0095214844     0.8266244437965681
 5.0125231743     0.8294482072646713
 5.0155248642     0.8322683175135996
 5.0185265541     0.8350847467100039
 5.0215282440     0.8378974670568649
 5.0245299339     0.8407064507937683
 5.0275316238     0.8435116701971783
 5.0305333138     0.8463130975807126
 5.0335350037     0.8491107052954132
 5.0365366936     0.8519044657300222
 5.0395383835     0.8546943513112514
 5.0425400734     0.8574803345040565
 5.0455417633     0.8602623878119082
 5.0485434532     0.8630404837770634
 5.0515451431     0.8658145949808367
 5.0545468330     0.8685846940438705
 5.0575485229     0.8713507536264051
 5.0605502129     0.8741127464285493
 5.0635519028     0.8768706451905494
 5.0665535927     0.8796244226930574
 5.0695552826     0.8823740517574019
 5.0725569725     0.8851195052458536
 5.0755586624     0.8878607560618950
 5.0785603523     0.8905977771504874
 5.0815620422     0.8933305414983375
 5.0845637321     0.8960590221341643
 5.0875654221     0.8987831921289660
 5.0905671120     0.9015030245962840
 5.0935688019     0.9042184926924701
 5.0965704918     0.9069295696169504
 5.0995721817     0.9096362286124902
 5.1025738716     0.9123384429654580
 5.1055755615     0.9150361860060890
 5.1085772514     0.9177294311087485
 5.1115789413     0.9204181516921947
 5.1145806313     0.9231023212198408
 5.1175823212     0.9257819132000172
 5.1205840111     0.9284569011862331
 5.1235857010     0.9311272587774370
 5.1265873909     0.9337929596182771
 5.1295890808     0.9364539773993626
 5.1325907707     0.9391102858575225
 5.1355924606     0.9417618587760644
 5.1385941505     0.9444086699850340
 5.1415958405     0.9470506933614737
 5.1445975304     0.9496879028296790
 5.1475992203     0.9523202723614572
 5.1506009102     0.9549477759763837
 5.1536026001     0.9575703877420587
 5.1566042900     0.9601880817743629
 5.1596059799     0.9628008322377131
 5.1626076698     0.9654086133453166
 5.1656093597     0.9680113993594270
 5.1686110497     0.9706091645915972
 5.1716127396     0.9732018834029330
 5.1746144295     0.9757895302043463
 5.1776161194     0.9783720794568080
 5.1806178093     0.9809495056715997
 5.1836194992     0.9835217834105652
 5.1866211891     0.9860888872863613
 5.1896228790     0.9886507919627097
 5.1926245689     0.9912074721546452
 5.1956262589     0.9937589026287664
 5.1986279488     0.9963050582034848
 5.2016296387     0.9988459137492728
 5.2046313286     1.0013814441889115
 5.2076330185     1.0039116244977397
 5.2106347084     1.0064364297038990
 5.2136363983     1.0089558348885812
 5.2166380882     1.0114698151862744
 5.2196397781     1.0139783457850080
 5.2226414680     1.0164814019265977
 5.2256431580     1.0189789589068896
 5.2286448479     1.0214709920760050
 5.2316465378     1.0239574768385828
 5.2346482277     1.0264383886540214
 5.2376499176     1.0289137030367235
 5.2406516075     1.0313833955563352
 5.2436532974     1.0338474418379886
 5.2466549873     1.0363058175625413
 5.2496566772     1.0387584984668177
 5.2526583672     1.0412054603438474
 5.2556600571     1.0436466790431043
 5.2586617470     1.0460821304707455
 5.2616634369     1.0485117905898491
 5.2646651268     1.0509356354206503
 5.2676668167     1.0533536410407787
 5.2706685066     1.0557657835854957
 5.2736701965     1.0581720392479279
 5.2766718864     1.0605723842793036
 5.2796735764     1.0629667949891859
 5.2826752663     1.0653552477457082
 5.2856769562     1.0677377189758057
 5.2886786461     1.0701141851654499
 5.2916803360     1.0724846228598783
 5.2946820259     1.0748490086638276
 5.2976837158     1.0772073192417648
 5.3006854057     1.0795595313181170
 5.3036870956     1.0819056216775003
 5.3066887856     1.0842455671649498
 5.3096904755     1.0865793446861483
 5.3126921654     1.0889069312076540
 5.3156938553     1.0912283037571273
 5.3186955452     1.0935434394235590
 5.3216972351     1.0958523153574939
 5.3246989250     1.0981549087712592
 5.3277006149     1.1004511969391875
 5.3307023048     1.1027411571978414
 5.3337039948     1.1050247669462374
 5.3367056847     1.1073020036460699
 5.3397073746     1.1095728448219315
 5.3427090645     1.1118372680615369
 5.3457107544     1.1140952510159425
 5.3487124443     1.1163467713997683
 5.3517141342     1.1185918069914176
 5.3547158241     1.1208303356332947
 5.3577175140     1.1230623352320259
 5.3607192039     1.1252877837586766
 5.3637208939     1.1275066592489678
 5.3667225838     1.1297189398034944
 5.3697242737     1.1319246035879404
 5.3727259636     1.1341236288332948
 5.3757276535     1.1363159938360663
 5.3787293434     1.1385016769584975
 5.3817310333     1.1406806566287777
 5.3847327232     1.1428529113412582
 5.3877344131     1.1450184196566615
 5.3907361031     1.1471771602022942
 5.3937377930     1.1493291116722599
 5.3967394829     1.1514742528276654
 5.3997411728     1.1536125624968339
 5.4027428627     1.1557440195755115
 5.4057445526     1.1578686030270786
 5.4087462425     1.1599862918827535
 5.4117479324     1.1620970652418026
 5.4147496223     1.1642009022717443
 5.4177513123     1.1662977822085567
 5.4207530022     1.1683876843568817
 5.4237546921     1.1704705880902286
 5.4267563820     1.1725464728511785
 5.4297580719     1.1746153181515870
 5.4327597618     1.1766771035727861
 5.4357614517     1.1787318087657856
 5.4387631416     1.1807794134514757
 5.4417648315     1.1828198974208239
 5.4447665215     1.1848532405350782
 5.4477682114     1.1868794227259620
 5.4507699013     1.1888984239958753
 5.4537715912     1.1909102244180911
 5.4567732811     1.1929148041369511
 5.4597749710     1.1949121433680630
 5.4627766609     1.1969022223984944
 5.4657783508     1.1988850215869691
 5.4687800407     1.2008605213640595
 5.4717817307     1.2028287022323807
 5.4747834206     1.2047895447667811
 5.4777851105     1.2067430296145378
 5.4807868004     1.2086891374955435
 5.4837884903     1.2106278492024987
 5.4867901802     1.2125591456011020
 5.4897918701     1.2144830076302375
 5.4927935600     1.2163994163021639
 5.4957952499     1.2183083527027003
 5.4987969398     1.2202097979914166
 5.5017986298     1.2221037334018148
 5.5048003197     1.2239901402415159
 5.5078020096     1.2258689998924479
 5.5108036995     1.2277402938110233
 5.5138053894     1.2296040035283269
 5.5168070793     1.2314601106502965
 5.5198087692     1.2333085968579036
 5.5228104591     1.2351494439073363
 5.5258121490     1.2369826336301764
 5.5288138390     1.2388081479335826
 5.5318155289     1.2406259688004648
 5.5348172188     1.2424360782896651
 5.5378189087     1.2442384585361339
 5.5408205986     1.2460330917511058
 5.5438222885     1.2478199602222753
 5.5468239784     1.2495990463139721
 5.5498256683     1.2513703324673346
 5.5528273582     1.2531338012004838
 5.5558290482     1.2548894351086948
 5.5588307381     1.2566372168645703
 5.5618324280     1.2583771292182091
 5.5648341179     1.2601091549973797
 5.5678358078     1.2618332771076863
 5.5708374977     1.2635494785327401
 5.5738391876     1.2652577423343256
 5.5768408775     1.2669580516525689
 5.5798425674     1.2686503897061034
 5.5828442574     1.2703347397922355
 5.5858459473     1.2720110852871103
 5.5888476372     1.2736794096458743
 5.5918493271     1.2753396964028396
 5.5948510170     1.2769919291716461
 5.5978527069     1.2786360916454234
 5.6008543968     1.2802721675969522
 5.6038560867     1.2819001408788224
 5.6068577766     1.2835199954235958
 5.6098594666     1.2851317152439616
 5.6128611565     1.2867352844328961
 5.6158628464     1.2883306871638187
 5.6188645363     1.2899179076907485
 5.6218662262     1.2914969303484596
 5.6248679161     1.2930677395526362
 5.6278696060     1.2946303198000246
 5.6308712959     1.2961846556685899
 5.6338729858     1.2977307318176634
 5.6368746758     1.2992685329880991
 5.6398763657     1.3007980440024189
 5.6428780556     1.3023192497649676
 5.6458797455     1.3038321352620574
 5.6488814354     1.3053366855621205
 5.6518831253     1.3068328858158518
 5.6548848152     1.3083207212563592
 5.6578865051     1.3098001771993077
 5.6608881950     1.3112712390430643
 5.6638898849     1.3127338922688425
 5.6668915749     1.3141881224408456
 5.6698932648     1.3156339152064085
 5.6728949547     1.3170712562961411
 5.6758966446     1.3185001315240656
 5.6788983345     1.3199205267877621
 5.6819000244     1.3213324280685022
 5.6849017143     1.3227358214313898
 5.6879034042     1.3241306930254990
 5.6909050941     1.3255170290840108
 5.6939067841     1.3268948159243477
 5.6969084740     1.3282640399483099
 5.6999101639     1.3296246876422093
 5.7029118538     1.3309767455770019
 5.7059135437     1.3323202004084218
 5.7089152336     1.3336550388771129
 5.7119169235     1.3349812478087579
 5.7149186134     1.3362988141142100
 5.7179203033     1.3376077247896219
 5.7209219933     1.3389079669165735
 5.7239236832     1.3401995276621999
 5.7269253731     1.3414823942793181
 5.7299270630     1.3427565541065525
 5.7329287529     1.3440219945684602
 5.7359304428     1.3452787031756543
 5.7389321327     1.3465266675249281
 5.7419338226     1.3477658752993780
 5.7449355125     1.3489963142685228
 5.7479372025     1.3502179722884273
 5.7509388924     1.3514308373018193
 5.7539405823     1.3526348973382116
 5.7569422722     1.3538301405140172
 5.7599439621     1.3550165550326685
 5.7629456520     1.3561941291847333
 5.7659473419     1.3573628513480300
 5.7689490318     1.3585227099877430
 5.7719507217     1.3596736936565357
 5.7749524117     1.3608157909946634
 5.7779541016     1.3619489907300872
 5.7809557915     1.3630732816785829
 5.7839574814     1.3641886527438525
 5.7869591713     1.3652950929176344
 5.7899608612     1.3663925912798103
 5.7929625511     1.3674811369985145
 5.7959642410     1.3685607193302405
 5.7989659309     1.3696313276199463
 5.8019676208     1.3706929513011605
 5.8049693108     1.3717455798960858
 5.8079710007     1.3727892030157030
 5.8109726906     1.3738238103598730
 5.8139743805     1.3748493917174394
 5.8169760704     1.3758659369663280
 5.8199777603     1.3768734360736476
 5.8229794502     1.3778718790957889
 5.8259811401     1.3788612561785221
 5.8289828300     1.3798415575570953
 5.8319845200     1.3808127735563291
 5.8349862099     1.3817748945907138
 5.8379878998     1.3827279111645032
 5.8409895897     1.3836718138718087
 5.8439912796     1.3846065933966920
 5.8469929695     1.3855322405132555
 5.8499946594     1.3864487460857366
 5.8529963493     1.3873561010685955
 5.8559980392     1.3882542965066043
 5.8589997292     1.3891433235349371
 5.8620014191     1.3900231733792554
 5.8650031090     1.3908938373557971
 5.8680047989     1.3917553068714599
 5.8710064888     1.3926075734238874
 5.8740081787     1.3934506286015536
 5.8770098686     1.3942844640838430
 5.8800115585     1.3951090716411370
 5.8830132484     1.3959244431348916
 5.8860149384     1.3967305705177191
 5.8890166283     1.3975274458334679
 5.8920183182     1.3983150612173005
 5.8950200081     1.3990934088957707
 5.8980216980     1.3998624811869012
 5.9010233879     1.4006222705002589
 5.9040250778     1.4013727693370306
 5.9070267677     1.4021139702900955
 5.9100284576     1.4028458660440988
 5.9130301476     1.4035684493755256
 5.9160318375     1.4042817131527701
 5.9190335274     1.4049856503362061
 5.9220352173     1.4056802539782589
 5.9250369072     1.4063655172234699
 5.9280385971     1.4070414333085681
 5.9310402870     1.4077079955625345
 5.9340419769     1.4083651974066689
 5.9370436668     1.4090130323546544
 5.9400453568     1.4096514940126212
 5.9430470467     1.4102805760792108
 5.9460487366     1.4109002723456372
 5.9490504265     1.4115105766957483
 5.9520521164     1.4121114831060868
 5.9550538063     1.4127029856459485
 5.9580554962     1.4132850784774427
 5.9610571861     1.4138577558555481
 5.9640588760     1.4144210121281700
 5.9670605659     1.4149748417361960
 5.9700622559     1.4155192392135520
 5.9730639458     1.4160541991872548
 5.9760656357     1.4165797163774649
 5.9790673256     1.4170957855975406
 5.9820690155     1.4176024017540860
 5.9850707054     1.4180995598470050
 5.9880723953     1.4185872549695473
 5.9910740852     1.4190654823083590
 5.9940757751     1.4195342371435304
 5.9970774651     1.4199935148486393
 6.0000791550     1.4204433108908006
