 0.0000000000     1.0000000000000000
 0.0030015009     0.9999954700469971
 0.0060030017     0.9999819993972778
 0.0090045026     0.9999594688415527
 0.0120060034     0.9999279379844666
 0.0150075043     0.9998874068260193
 0.0180090051     0.9998378157615662
 0.0210105069     0.9997792840003967
 0.0240120068     0.9997117519378662
 0.0270135067     0.9996351599693298
 0.0300150067     0.9995495676994324
 0.0330165066     0.9994550347328186
 0.0360180065     0.9993514418601990
 0.0390195064     0.9992388486862183
 0.0420210063     0.9991172552108765
 0.0450225063     0.9989866614341736
 0.0480240062     0.9988470673561096
 0.0510255061     0.9986984729766846
 0.0540270060     0.9985408782958984
 0.0570285060     0.9983743429183960
 0.0600300059     0.9981987476348877
 0.0630315095     0.9980141520500183
 0.0660330132     0.9978206157684326
 0.0690345168     0.9976180791854858
 0.0720360205     0.9974065423011780
 0.0750375241     0.9971860051155090
 0.0780390278     0.9969565272331238
 0.0810405314     0.9967179894447327
 0.0840420350     0.9964705705642700
 0.0870435387     0.9962140917778015
 0.0900450423     0.9959486722946167
 0.0930465460     0.9956743121147156
 0.0960480496     0.9953909516334534
 0.0990495533     0.9950985908508301
 0.1020510569     0.9947972893714905
 0.1050525606     0.9944870471954346
 0.1080540642     0.9941678643226624
 0.1110555679     0.9938396811485291
 0.1140570715     0.9935025572776794
 0.1170585752     0.9931564927101135
 0.1200600788     0.9928014278411865
 0.1230615824     0.9924374818801880
 0.1260630786     0.9920645952224731
 0.1290645748     0.9916827082633972
 0.1320660710     0.9912919402122498
 0.1350675672     0.9908922314643860
 0.1380690634     0.9904835820198059
 0.1410705596     0.9900660514831543
 0.1440720558     0.9896395802497864
 0.1470735520     0.9892041683197021
 0.1500750482     0.9887598752975464
 0.1530765444     0.9883066415786743
 0.1560780406     0.9878445267677307
 0.1590795368     0.9873735308647156
 0.1620810330     0.9868935942649841
 0.1650825292     0.9864047765731812
 0.1680840254     0.9859071373939514
 0.1710855216     0.9854005575180054
 0.1740870178     0.9848850965499878
 0.1770885140     0.9843607544898987
 0.1800900102     0.9838275909423828
 0.1830915064     0.9832855463027954
 0.1860930026     0.9827346205711365
 0.1890944988     0.9821748733520508
 0.1920959949     0.9816062450408936
 0.1950974911     0.9810287952423096
 0.1980989873     0.9804424643516541
 0.2011004835     0.9798473715782166
 0.2041019797     0.9792433977127075
 0.2071034759     0.9786306023597717
 0.2101049721     0.9780090451240540
 0.2131064683     0.9773786067962646
 0.2161079645     0.9767394065856934
 0.2191094607     0.9760913848876953
 0.2221109569     0.9754346013069153
 0.2251124531     0.9747689962387085
 0.2281139493     0.9740946292877197
 0.2311154455     0.9734115004539490
 0.2341169417     0.9727195501327515
 0.2371184379     0.9720188975334167
 0.2401199341     0.9713094830513000
 0.2431214303     0.9705912470817566
 0.2461229265     0.9698643088340759
 0.2491244227     0.9691286683082581
 0.2521259189     0.9683842658996582
 0.2551274300     0.9676311612129211
 0.2581289411     0.9668692946434021
 0.2611304522     0.9660987257957458
 0.2641319633     0.9653195142745972
 0.2671334743     0.9645315408706665
 0.2701349854     0.9637348651885986
 0.2731364965     0.9629295468330383
 0.2761380076     0.9621155261993408
 0.2791395187     0.9612928628921509
 0.2821410298     0.9604615569114685
 0.2851425409     0.9596215486526489
 0.2881440520     0.9587729573249817
 0.2911455631     0.9579156637191772
 0.2941470742     0.9570497870445251
 0.2971485853     0.9561752676963806
 0.3001500964     0.9552921056747437
 0.3031516075     0.9544003605842590
 0.3061531186     0.9535000324249268
 0.3091546297     0.9525911211967468
 0.3121561408     0.9516736268997192
 0.3151576519     0.9507475495338440
 0.3181591630     0.9498128890991211
 0.3211606741     0.9488696455955505
 0.3241621852     0.9479179382324219
 0.3271636963     0.9469576478004456
 0.3301652074     0.9459887742996216
 0.3331667185     0.9450114369392395
 0.3361682296     0.9440255761146545
 0.3391697407     0.9430311918258667
 0.3421712518     0.9420283436775208
 0.3451727629     0.9410170316696167
 0.3481742740     0.9399971961975098
 0.3511757851     0.9389688968658447
 0.3541772962     0.9379321336746216
 0.3571788073     0.9368869066238403
 0.3601803184     0.9358332753181458
 0.3631818295     0.9347712397575378
 0.3661833405     0.9337007403373718
 0.3691848516     0.9326217770576477
 0.3721863627     0.9315344691276550
 0.3751878738     0.9304388165473938
 0.3781893849     0.9293347001075745
 0.3811908960     0.9282222390174866
 0.3841924071     0.9271014332771301
 0.3871939182     0.9259722828865051
 0.3901954293     0.9248347282409668
 0.3931969404     0.9236888885498047
 0.3961984515     0.9225347042083740
 0.3991999626     0.9213722348213196
 0.4022014737     0.9202014803886414
 0.4052029848     0.9190223813056946
 0.4082044959     0.9178350567817688
 0.4112060070     0.9166394472122192
 0.4142075181     0.9154355525970459
 0.4172090292     0.9142234325408936
 0.4202105403     0.9130030870437622
 0.4232120514     0.9117745161056519
 0.4262135625     0.9105376601219177
 0.4292150736     0.9092926979064941
 0.4322165847     0.9080395102500916
 0.4352180958     0.9067780971527100
 0.4382196069     0.9055085778236389
 0.4412211180     0.9042308926582336
 0.4442226291     0.9029450416564941
 0.4472241402     0.9016510248184204
 0.4502256513     0.9003489017486572
 0.4532271624     0.8990387320518494
 0.4562286735     0.8977203965187073
 0.4592301846     0.8963940143585205
 0.4622316957     0.8950595259666443
 0.4652332067     0.8937169909477234
 0.4682347178     0.8923663496971130
 0.4712362289     0.8910077214241028
 0.4742377400     0.8896410465240479
 0.4772392511     0.8882663846015930
 0.4802407622     0.8868837356567383
 0.4832422733     0.8854930400848389
 0.4862437844     0.8840944170951843
 0.4892452955     0.8826878070831299
 0.4922468066     0.8812732100486755
 0.4952483177     0.8798507452011108
 0.4982498288     0.8784202933311462
 0.5012513399     0.8769819736480713
 0.5042528510     0.8755357265472412
 0.5072543621     0.8740815520286560
 0.5102558732     0.8726195693016052
 0.5132573843     0.8711497187614441
 0.5162588954     0.8696720004081726
 0.5192604065     0.8681864142417908
 0.5222619176     0.8666930794715881
 0.5252634287     0.8651918768882751
 0.5282649398     0.8636829257011414
 0.5312664509     0.8621661663055420
 0.5342679620     0.8606415987014771
 0.5372694731     0.8591093420982361
 0.5402709842     0.8575693368911743
 0.5432724953     0.8560215830802917
 0.5462740064     0.8544661402702332
 0.5492755175     0.8529029488563538
 0.5522770286     0.8513321280479431
 0.5552785397     0.8497536182403564
 0.5582800508     0.8481674790382385
 0.5612815619     0.8465736508369446
 0.5642830729     0.8449722528457642
 0.5672845840     0.8433631658554077
 0.5702860951     0.8417465686798096
 0.5732876062     0.8401223421096802
 0.5762891173     0.8384905457496643
 0.5792906284     0.8368511795997620
 0.5822921395     0.8352043032646179
 0.5852936506     0.8335499167442322
 0.5882951617     0.8318879604339600
 0.5912966728     0.8302185535430908
 0.5942981839     0.8285416960716248
 0.5972996950     0.8268573284149170
 0.6003012061     0.8251655101776123
 0.6033027172     0.8234662413597107
 0.6063042283     0.8217595815658569
 0.6093057394     0.8200455307960510
 0.6123072505     0.8183240890502930
 0.6153087616     0.8165952563285828
 0.6183102727     0.8148590922355652
 0.6213117838     0.8131155371665955
 0.6243132949     0.8113647103309631
 0.6273148060     0.8096065521240234
 0.6303163171     0.8078411221504211
 0.6333178282     0.8060683608055115
 0.6363193393     0.8042883872985840
 0.6393208504     0.8025011420249939
 0.6423223615     0.8007066845893860
 0.6453238726     0.7989050149917603
 0.6483253837     0.7970961332321167
 0.6513268948     0.7952800989151001
 0.6543284059     0.7934568524360657
 0.6573299170     0.7916265130043030
 0.6603314281     0.7897889614105225
 0.6633329391     0.7879443764686584
 0.6663344502     0.7860926389694214
 0.6693359613     0.7842338681221008
 0.6723374724     0.7823680043220520
 0.6753389835     0.7804950475692749
 0.6783404946     0.7786151170730591
 0.6813420057     0.7767281532287598
 0.6843435168     0.7748342156410217
 0.6873450279     0.7729333043098450
 0.6903465390     0.7710253596305847
 0.6933480501     0.7691105604171753
 0.6963495612     0.7671887874603271
 0.6993510723     0.7652601003646851
 0.7023525834     0.7633244991302490
 0.7053540945     0.7613820433616638
 0.7083556056     0.7594327330589294
 0.7113571167     0.7574765682220459
 0.7143586278     0.7555136084556580
 0.7173601389     0.7535437941551208
 0.7203616500     0.7515672445297241
 0.7233631611     0.7495838403701782
 0.7263646722     0.7475937604904175
 0.7293661833     0.7455969452857971
 0.7323676944     0.7435933947563171
 0.7353692055     0.7415831089019775
 0.7383707166     0.7395662069320679
 0.7413722277     0.7375425696372986
 0.7443737388     0.7355123162269592
 0.7473752499     0.7334755063056946
 0.7503767610     0.7314320206642151
 0.7533782721     0.7293819189071655
 0.7563797832     0.7273253202438354
 0.7593812943     0.7252621054649353
 0.7623828053     0.7231923937797546
 0.7653843164     0.7211161255836487
 0.7683858275     0.7190334200859070
 0.7713873386     0.7169442176818848
 0.7743888497     0.7148485183715820
 0.7773903608     0.7127464413642883
 0.7803918719     0.7106378674507141
 0.7833933830     0.7085229754447937
 0.7863948941     0.7064016461372375
 0.7893964052     0.7042739391326904
 0.7923979163     0.7021399140357971
 0.7953994274     0.6999995708465576
 0.7984009385     0.6978529095649719
 0.8014024496     0.6956999897956848
 0.8044039607     0.6935407519340515
 0.8074054718     0.6913753151893616
 0.8104069829     0.6892036199569702
 0.8134084940     0.6870257258415222
 0.8164100051     0.6848416328430176
 0.8194115162     0.6826513409614563
 0.8224130273     0.6804549694061279
 0.8254145384     0.6782523989677429
 0.8284160495     0.6760437488555908
 0.8314175606     0.6738290190696716
 0.8344190717     0.6716082096099854
 0.8374205828     0.6693813204765320
 0.8404220939     0.6671484708786011
 0.8434236050     0.6649095416069031
 0.8464251161     0.6626646518707275
 0.8494266272     0.6604138016700745
 0.8524281383     0.6581569910049438
 0.8554296494     0.6558942198753357
 0.8584311604     0.6536256074905396
 0.8614326715     0.6513510346412659
 0.8644341826     0.6490706801414490
 0.8674356937     0.6467844247817993
 0.8704372048     0.6444923281669617
 0.8734387159     0.6421944499015808
 0.8764402270     0.6398907303810120
 0.8794417381     0.6375812888145447
 0.8824432492     0.6352661252021790
 0.8854447603     0.6329452395439148
 0.8884462714     0.6306186318397522
 0.8914477825     0.6282863616943359
 0.8944492936     0.6259483695030212
 0.8974508047     0.6236047744750977
 0.9004523158     0.6212555766105652
 0.9034538269     0.6189007759094238
 0.9064553380     0.6165404319763184
 0.9094568491     0.6141744852066040
 0.9124583602     0.6118029952049255
 0.9154598713     0.6094260215759277
 0.9184613824     0.6070435643196106
 0.9214628935     0.6046556234359741
 0.9244644046     0.6022622585296631
 0.9274659157     0.5998634099960327
 0.9304674268     0.5974591970443726
 0.9334689379     0.5950496196746826
 0.9364704490     0.5926346778869629
 0.9394719601     0.5902143716812134
 0.9424734712     0.5877887606620789
 0.9454749823     0.5853578448295593
 0.9484764934     0.5829216837882996
 0.9514780045     0.5804802179336548
 0.9544795156     0.5780335664749146
 0.9574810266     0.5755816698074341
 0.9604825377     0.5731246471405029
 0.9634840488     0.5706623792648315
 0.9664855599     0.5681950449943542
 0.9694870710     0.5657225847244263
 0.9724885821     0.5632449984550476
 0.9754900932     0.5607623457908630
 0.9784916043     0.5582746267318726
 0.9814931154     0.5557819008827209
 0.9844946265     0.5532841682434082
 0.9874961376     0.5507814288139343
 0.9904976487     0.5482737421989441
 0.9934991598     0.5457611083984375
 0.9965006709     0.5432435870170593
 0.9995021820     0.5407211184501648
 1.0025036335     0.5381938815116882
 1.0055050850     0.5356617569923401
 1.0085065365     0.5331248641014099
 1.0115079880     0.5305830836296082
 1.0145094395     0.5280365943908691
 1.0175108910     0.5254853367805481
 1.0205123425     0.5229293107986450
 1.0235137939     0.5203685760498047
 1.0265152454     0.5178031921386719
 1.0295166969     0.5152330994606018
 1.0325181484     0.5126584172248840
 1.0355195999     0.5100790858268738
 1.0385210514     0.5074951648712158
 1.0415225029     0.5049066543579102
 1.0445239544     0.5023136138916016
 1.0475254059     0.4997160434722900
 1.0505268574     0.4971139729022980
 1.0535283089     0.4945074319839478
 1.0565297604     0.4918964207172394
 1.0595312119     0.4892809689044952
 1.0625326633     0.4866611361503601
 1.0655341148     0.4840368926525116
 1.0685355663     0.4814083278179169
 1.0715370178     0.4787753820419312
 1.0745384693     0.4761381447315216
 1.0775399208     0.4734966158866882
 1.0805413723     0.4708508253097534
 1.0835428238     0.4682008028030396
 1.0865442753     0.4655465483665466
 1.0895457268     0.4628880918025970
 1.0925471783     0.4602254629135132
 1.0955486298     0.4575587213039398
 1.0985500813     0.4548878371715546
 1.1015515327     0.4522128403186798
 1.1045529842     0.4495337903499603
 1.1075544357     0.4468506872653961
 1.1105558872     0.4441635310649872
 1.1135573387     0.4414724111557007
 1.1165587902     0.4387772977352142
 1.1195602417     0.4360782206058502
 1.1225616932     0.4333752393722534
 1.1255631447     0.4306683540344238
 1.1285645962     0.4279575645923615
 1.1315660477     0.4252429306507111
 1.1345674992     0.4225244820117950
 1.1375689507     0.4198021888732910
 1.1405704021     0.4170761406421661
 1.1435718536     0.4143463373184204
 1.1465733051     0.4116128087043762
 1.1495747566     0.4088755548000336
 1.1525762081     0.4061346054077148
 1.1555776596     0.4033900201320648
 1.1585791111     0.4006417989730835
 1.1615805626     0.3978899717330933
 1.1645820141     0.3951345384120941
 1.1675834656     0.3923755586147308
 1.1705849171     0.3896130621433258
 1.1735863686     0.3868470191955566
 1.1765878201     0.3840775191783905
 1.1795892715     0.3813045620918274
 1.1825907230     0.3785281479358673
 1.1855921745     0.3757483363151550
 1.1885936260     0.3729651272296906
 1.1915950775     0.3701785802841187
 1.1945965290     0.3673886954784393
 1.1975979805     0.3645954728126526
 1.2005994320     0.3617990016937256
 1.2036008835     0.3589992523193359
 1.2066023350     0.3561962544918060
 1.2096037865     0.3533900678157806
 1.2126052380     0.3505806922912598
 1.2156066895     0.3477681577205658
 1.2186081409     0.3449524939060211
 1.2216095924     0.3421337306499481
 1.2246110439     0.3393118679523468
 1.2276124954     0.3364869654178619
 1.2306139469     0.3336590230464935
 1.2336153984     0.3308280706405640
 1.2366168499     0.3279941380023956
 1.2396183014     0.3251572549343109
 1.2426197529     0.3223174512386322
 1.2456212044     0.3194747269153595
 1.2486226559     0.3166291415691376
 1.2516241074     0.3137806951999664
 1.2546255589     0.3109294176101685
 1.2576270103     0.3080753386020660
 1.2606284618     0.3052184879779816
 1.2636299133     0.3023588955402374
 1.2666313648     0.2994965612888336
 1.2696328163     0.2966315448284149
 1.2726342678     0.2937638461589813
 1.2756357193     0.2908935248851776
 1.2786371708     0.2880205512046814
 1.2816386223     0.2851449847221375
 1.2846400738     0.2822668850421906
 1.2876415253     0.2793862223625183
 1.2906429768     0.2765030264854431
 1.2936444283     0.2736173570156097
 1.2966458797     0.2707292139530182
 1.2996473312     0.2678386270999908
 1.3026487827     0.2649456262588501
 1.3056502342     0.2620502710342407
 1.3086516857     0.2591525316238403
 1.3116531372     0.2562524378299713
 1.3146545887     0.2533500492572784
 1.3176560402     0.2504453957080841
 1.3206574917     0.2475384771823883
 1.3236589432     0.2446293234825134
 1.3266603947     0.2417179644107819
 1.3296618462     0.2388044297695160
 1.3326632977     0.2358887493610382
 1.3356647491     0.2329709380865097
 1.3386662006     0.2300510406494141
 1.3416676521     0.2271290570497513
 1.3446691036     0.2242050319910049
 1.3476705551     0.2212789803743362
 1.3506720066     0.2183509469032288
 1.3536734581     0.2154209315776825
 1.3566749096     0.2124889940023422
 1.3596763611     0.2095551341772079
 1.3626778126     0.2066193819046021
 1.3656792641     0.2036817669868469
 1.3686807156     0.2007423192262650
 1.3716821671     0.1978010684251785
 1.3746836185     0.1948580294847488
 1.3776850700     0.1919132471084595
 1.3806865215     0.1889667212963104
 1.3836879730     0.1860184967517853
 1.3866894245     0.1830686032772064
 1.3896908760     0.1801170557737350
 1.3926923275     0.1771638840436935
 1.3956937790     0.1742091178894043
 1.3986952305     0.1712527871131897
 1.4016966820     0.1682949066162109
 1.4046981335     0.1653355062007904
 1.4076995850     0.1623746305704117
 1.4107010365     0.1594122797250748
 1.4137024879     0.1564484983682632
 1.4167039394     0.1534833014011383
 1.4197053909     0.1505167335271835
 1.4227068424     0.1475487947463989
 1.4257082939     0.1445795446634293
 1.4287097454     0.1416089683771133
 1.4317111969     0.1386371403932571
 1.4347126484     0.1356640458106995
 1.4377140999     0.1326897442340851
 1.4407155514     0.1297142356634140
 1.4437170029     0.1267375648021698
 1.4467184544     0.1237597465515137
 1.4497199059     0.1207808181643486
 1.4527213573     0.1178008019924164
 1.4557228088     0.1148197203874588
 1.4587242603     0.1118376106023788
 1.4617257118     0.1088544875383377
 1.4647271633     0.1058703809976578
 1.4677286148     0.1028853282332420
 1.4707300663     0.0998993441462517
 1.4737315178     0.0969124659895897
 1.4767329693     0.0939247086644173
 1.4797344208     0.0909361094236374
 1.4827358723     0.0879466831684113
 1.4857373238     0.0849564746022224
 1.4887387753     0.0819654911756516
 1.4917402267     0.0789737775921822
 1.4947416782     0.0759813487529755
 1.4977431297     0.0729882344603539
 1.5007445812     0.0699944645166397
 1.5037460327     0.0670000687241554
 1.5067474842     0.0640050619840622
 1.5097489357     0.0610094815492630
 1.5127503872     0.0580133497714996
 1.5157518387     0.0550166964530945
 1.5187532902     0.0520195476710796
 1.5217547417     0.0490219295024872
 1.5247561932     0.0460238717496395
 1.5277576447     0.0430253967642784
 1.5307590961     0.0400265343487263
 1.5337605476     0.0370273143053055
 1.5367619991     0.0340277589857578
 1.5397634506     0.0310278963297606
 1.5427649021     0.0280277542769909
 1.5457663536     0.0250273589044809
 1.5487678051     0.0220267400145531
 1.5517692566     0.0190259218215942
 1.5547707081     0.0160249322652817
 1.5577721596     0.0130237992852926
 1.5607736111     0.0100225480273366
 1.5637750626     0.0070212064310908
 1.5667765141     0.0040198019705713
 1.5697779655     0.0010183610720560
 1.5727794170    -0.0019830889068544
 1.5757808685    -0.0049845213070512
 1.5787823200    -0.0079859085381031
 1.5817837715    -0.0109872240573168
 1.5847852230    -0.0139884399250150
 1.5877866745    -0.0169895309954882
 1.5907881260    -0.0199904683977365
 1.5937895775    -0.0229912251234055
 1.5967910290    -0.0259917750954628
 1.5997924805    -0.0289920903742313
 1.6027939320    -0.0319921448826790
 1.6057953835    -0.0349919125437737
 1.6087968349    -0.0379913635551929
 1.6117982864    -0.0409904718399048
 1.6147997379    -0.0439892113208771
 1.6178011894    -0.0469875559210777
 1.6208026409    -0.0499854758381844
 1.6238040924    -0.0529829449951649
 1.6268055439    -0.0559799373149872
 1.6298069954    -0.0589764267206192
 1.6328084469    -0.0619723834097385
 1.6358098984    -0.0649677813053131
 1.6388113499    -0.0679625943303108
 1.6418128014    -0.0709567964076996
 1.6448142529    -0.0739503577351570
 1.6478157043    -0.0769432559609413
 1.6508171558    -0.0799354538321495
 1.6538186073    -0.0829269364476204
 1.6568200588    -0.0859176740050316
 1.6598215103    -0.0889076367020607
 1.6628229618    -0.0918967947363853
 1.6658244133    -0.0948851257562637
 1.6688258648    -0.0978726074099541
 1.6718273163    -0.1008592024445534
 1.6748287678    -0.1038448885083199
 1.6778302193    -0.1068296432495117
 1.6808316708    -0.1098134294152260
 1.6838331223    -0.1127962321043015
 1.6868345737    -0.1157780140638351
 1.6898360252    -0.1187587603926659
 1.6928374767    -0.1217384263873100
 1.6958389282    -0.1247170045971870
 1.6988403797    -0.1276944577693939
 1.7018418312    -0.1306707561016083
 1.7048432827    -0.1336458772420883
 1.7078447342    -0.1366197913885117
 1.7108461857    -0.1395924836397171
 1.7138476372    -0.1425639092922211
 1.7168490887    -0.1455340683460236
 1.7198505402    -0.1485029011964798
 1.7228519917    -0.1514703929424286
 1.7258534431    -0.1544365286827087
 1.7288548946    -0.1574012786149979
 1.7318563461    -0.1603645980358124
 1.7348577976    -0.1633264720439911
 1.7378592491    -0.1662868857383728
 1.7408607006    -0.1692457944154739
 1.7438621521    -0.1722031831741333
 1.7468636036    -0.1751590073108673
 1.7498650551    -0.1781132668256760
 1.7528665066    -0.1810659170150757
 1.7558679581    -0.1840169429779053
 1.7588694096    -0.1869663000106812
 1.7618708611    -0.1899139881134033
 1.7648723125    -0.1928599476814270
 1.7678737640    -0.1958041787147522
 1.7708752155    -0.1987466514110565
 1.7738766670    -0.2016873210668564
 1.7768781185    -0.2046261876821518
 1.7798795700    -0.2075631916522980
 1.7828810215    -0.2104983478784561
 1.7858824730    -0.2134315967559814
 1.7888839245    -0.2163629233837128
 1.7918853760    -0.2192922979593277
 1.7948868275    -0.2222196906805038
 1.7978882790    -0.2251451015472412
 1.8008897305    -0.2280684709548950
 1.8038911819    -0.2309897840023041
 1.8068926334    -0.2339090257883072
 1.8098940849    -0.2368261516094208
 1.8128955364    -0.2397411465644836
 1.8158969879    -0.2426539808511734
 1.8188984394    -0.2455646246671677
 1.8218998909    -0.2484730631113052
 1.8249013424    -0.2513792514801025
 1.8279027939    -0.2542831897735596
 1.8309042454    -0.2571848332881927
 1.8339056969    -0.2600841820240021
 1.8369071484    -0.2629811465740204
 1.8399085999    -0.2658757567405701
 1.8429100513    -0.2687679827213287
 1.8459115028    -0.2716577947139740
 1.8489129543    -0.2745451331138611
 1.8519144058    -0.2774299979209900
 1.8549158573    -0.2803123891353607
 1.8579173088    -0.2831922471523285
 1.8609187603    -0.2860695421695709
 1.8639202118    -0.2889442741870880
 1.8669216633    -0.2918163836002350
 1.8699231148    -0.2946858704090118
 1.8729245663    -0.2975527346134186
 1.8759260178    -0.3004168868064880
 1.8789274693    -0.3032783269882202
 1.8819289207    -0.3061370551586151
 1.8849303722    -0.3089930117130280
 1.8879318237    -0.3118461966514587
 1.8909332752    -0.3146965503692627
 1.8939347267    -0.3175440728664398
 1.8969361782    -0.3203887641429901
 1.8999376297    -0.3232305347919464
 1.9029390812    -0.3260694146156311
 1.9059405327    -0.3289053440093994
 1.9089419842    -0.3317383229732513
 1.9119434357    -0.3345683217048645
 1.9149448872    -0.3373952805995941
 1.9179463387    -0.3402192294597626
 1.9209477901    -0.3430400788784027
 1.9239492416    -0.3458578586578369
 1.9269506931    -0.3486725091934204
 1.9299521446    -0.3514840304851532
 1.9329535961    -0.3542923927307129
 1.9359550476    -0.3570975661277771
 1.9389564991    -0.3598994910717010
 1.9419579506    -0.3626981973648071
 1.9449594021    -0.3654936254024506
 1.9479608536    -0.3682857751846313
 1.9509623051    -0.3710746169090271
 1.9539637566    -0.3738600909709930
 1.9569652081    -0.3766421973705292
 1.9599666595    -0.3794209063053131
 1.9629681110    -0.3821962177753448
 1.9659695625    -0.3849680721759796
 1.9689710140    -0.3877364695072174
 1.9719724655    -0.3905013799667358
 1.9749739170    -0.3932627439498901
 1.9779753685    -0.3960205912590027
 1.9809768200    -0.3987748622894287
 1.9839782715    -0.4015255272388458
 1.9869797230    -0.4042725861072540
 1.9899811745    -0.4070160090923309
 1.9929826260    -0.4097557663917542
 1.9959840775    -0.4124918282032013
 1.9989855289    -0.4152241647243500
 2.0019869804    -0.4179527759552002
 2.0049884319    -0.4206776022911072
 2.0079898834    -0.4233986437320709
 2.0109913349    -0.4261159002780914
 2.0139927864    -0.4288292825222015
 2.0169942379    -0.4315388202667236
 2.0199956894    -0.4342444539070129
 2.0229971409    -0.4369461834430695
 2.0259985924    -0.4396439790725708
 2.0290000439    -0.4423378407955170
 2.0320014954    -0.4450276792049408
 2.0350029469    -0.4477135241031647
 2.0380043983    -0.4503953158855438
 2.0410058498    -0.4530730843544006
 2.0440073013    -0.4557467401027679
 2.0470087528    -0.4584163129329681
 2.0500102043    -0.4610817432403564
 2.0530116558    -0.4637430310249329
 2.0560131073    -0.4664001166820526
 2.0590145588    -0.4690530300140381
 2.0620160103    -0.4717017114162445
 2.0650174618    -0.4743461310863495
 2.0680189133    -0.4769862890243530
 2.0710203648    -0.4796221256256104
 2.0740218163    -0.4822536706924438
 2.0770232677    -0.4848808646202087
 2.0800247192    -0.4875036776065826
 2.0830261707    -0.4901221096515656
 2.0860276222    -0.4927361309528351
 2.0890290737    -0.4953457117080688
 2.0920305252    -0.4979508221149445
 2.0950319767    -0.5005514621734619
 2.0980334282    -0.5031475424766541
 2.1010348797    -0.5057391524314880
 2.1040363312    -0.5083261728286743
 2.1070377827    -0.5109086036682129
 2.1100392342    -0.5134865045547485
 2.1130406857    -0.5160596966743469
 2.1160421371    -0.5186282992362976
 2.1190435886    -0.5211921930313110
 2.1220450401    -0.5237513780593872
 2.1250464916    -0.5263058543205261
 2.1280479431    -0.5288556218147278
 2.1310493946    -0.5314006209373474
 2.1340508461    -0.5339407920837402
 2.1370522976    -0.5364761948585510
 2.1400537491    -0.5390067100524902
 2.1430552006    -0.5415323972702026
 2.1460566521    -0.5440532565116882
 2.1490581036    -0.5465691685676575
 2.1520595551    -0.5490801334381104
 2.1550610065    -0.5515862107276917
 2.1580624580    -0.5540872812271118
 2.1610639095    -0.5565833449363708
 2.1640653610    -0.5590744018554688
 2.1670668125    -0.5615604519844055
 2.1700682640    -0.5640414357185364
 2.1730697155    -0.5665172934532166
 2.1760711670    -0.5689880847930908
 2.1790726185    -0.5714537501335144
 2.1820740700    -0.5739142894744873
 2.1850755215    -0.5763696432113647
 2.1880769730    -0.5788198113441467
 2.1910784245    -0.5812647342681885
 2.1940798759    -0.5837044119834900
 2.1970813274    -0.5861389040946960
 2.2000827789    -0.5885680317878723
 2.2030842304    -0.5909919142723083
 2.2060856819    -0.5934104323387146
 2.2090871334    -0.5958236455917358
 2.2120885849    -0.5982314348220825
 2.2150900364    -0.6006339192390442
 2.2180914879    -0.6030309200286865
 2.2210929394    -0.6054224967956543
 2.2240943909    -0.6078086495399475
 2.2270958424    -0.6101893186569214
 2.2300972939    -0.6125644445419312
 2.2330987453    -0.6149341464042664
 2.2361001968    -0.6172982454299927
 2.2391016483    -0.6196567416191101
 2.2421030998    -0.6220097541809082
 2.2451045513    -0.6243571043014526
 2.2481060028    -0.6266988515853882
 2.2511074543    -0.6290349364280701
 2.2541089058    -0.6313653588294983
 2.2571103573    -0.6336900591850281
 2.2601118088    -0.6360090970993042
 2.2631132603    -0.6383224129676819
 2.2661147118    -0.6406299471855164
 2.2691161633    -0.6429316997528076
 2.2721176147    -0.6452277302742004
 2.2751190662    -0.6475178599357605
 2.2781205177    -0.6498022079467773
 2.2811219692    -0.6520807147026062
 2.2841234207    -0.6543533205986023
 2.2871248722    -0.6566200256347656
 2.2901263237    -0.6588808298110962
 2.2931277752    -0.6611356735229492
 2.2961292267    -0.6633845567703247
 2.2991306782    -0.6656275391578674
 2.3021321297    -0.6678644418716431
 2.3051335812    -0.6700953841209412
 2.3081350327    -0.6723202466964722
 2.3111364841    -0.6745390892028809
 2.3141379356    -0.6767517924308777
 2.3171393871    -0.6789584755897522
 2.3201408386    -0.6811590194702148
 2.3231422901    -0.6833534240722656
 2.3261437416    -0.6855416297912598
 2.3291451931    -0.6877236962318420
 2.3321466446    -0.6898995637893677
 2.3351480961    -0.6920692324638367
 2.3381495476    -0.6942326426506042
 2.3411509991    -0.6963897943496704
 2.3441524506    -0.6985406875610352
 2.3471539021    -0.7006853222846985
 2.3501553535    -0.7028235793113708
 2.3531568050    -0.7049555778503418
 2.3561582565    -0.7070811390876770
 2.3591597080    -0.7092003822326660
 2.3621611595    -0.7113132476806641
 2.3651626110    -0.7134196758270264
 2.3681640625    -0.7155196666717529
 2.3711655140    -0.7176132798194885
 2.3741669655    -0.7197003364562988
 2.3771684170    -0.7217809557914734
 2.3801698685    -0.7238550782203674
 2.3831713200    -0.7259227037429810
 2.3861727715    -0.7279837131500244
 2.3891742229    -0.7300382256507874
 2.3921756744    -0.7320861816406250
 2.3951771259    -0.7341274619102478
 2.3981785774    -0.7361621856689453
 2.4011800289    -0.7381902933120728
 2.4041814804    -0.7402116656303406
 2.4071829319    -0.7422264814376831
 2.4101843834    -0.7442345023155212
 2.4131858349    -0.7462359070777893
 2.4161872864    -0.7482305765151978
 2.4191887379    -0.7502184510231018
 2.4221901894    -0.7521995902061462
 2.4251916409    -0.7541739940643311
 2.4281930923    -0.7561415433883667
 2.4311945438    -0.7581022977828979
 2.4341959953    -0.7600562572479248
 2.4371974468    -0.7620033621788025
 2.4401988983    -0.7639435529708862
 2.4432003498    -0.7658768892288208
 2.4462018013    -0.7678033709526062
 2.4492032528    -0.7697228789329529
 2.4522047043    -0.7716354727745056
 2.4552061558    -0.7735410928726196
 2.4582076073    -0.7754397988319397
 2.4612090588    -0.7773314714431763
 2.4642105103    -0.7792161703109741
 2.4672119617    -0.7810938358306885
 2.4702134132    -0.7829644083976746
 2.4732148647    -0.7848280072212219
 2.4762163162    -0.7866845130920410
 2.4792177677    -0.7885339260101318
 2.4822192192    -0.7903762459754944
 2.4852206707    -0.7922114133834839
 2.4882221222    -0.7940394878387451
 2.4912235737    -0.7958604097366333
 2.4942250252    -0.7976741194725037
 2.4972264767    -0.7994806766510010
 2.5002279282    -0.8012800216674805
 2.5032293797    -0.8030721545219421
 2.5062308311    -0.8048570156097412
 2.5092322826    -0.8066346645355225
 2.5122337341    -0.8084050416946411
 2.5152351856    -0.8101681470870972
 2.5182366371    -0.8119239211082458
 2.5212380886    -0.8136723637580872
 2.5242395401    -0.8154135346412659
 2.5272409916    -0.8171473145484924
 2.5302424431    -0.8188737630844116
 2.5332438946    -0.8205928206443787
 2.5362453461    -0.8223044872283936
 2.5392467976    -0.8240087628364563
 2.5422482491    -0.8257055878639221
 2.5452497005    -0.8273950219154358
 2.5482511520    -0.8290769457817078
 2.5512526035    -0.8307514190673828
 2.5542540550    -0.8324184417724609
 2.5572555065    -0.8340779542922974
 2.5602569580    -0.8357298970222473
 2.5632584095    -0.8373743891716003
 2.5662598610    -0.8390112519264221
 2.5692613125    -0.8406406044960022
 2.5722627640    -0.8422623872756958
 2.5752642155    -0.8438766002655029
 2.5782656670    -0.8454831838607788
 2.5812671185    -0.8470821380615234
 2.5842685699    -0.8486734628677368
 2.5872700214    -0.8502571582794189
 2.5902714729    -0.8518332242965698
 2.5932729244    -0.8534016013145447
 2.5962743759    -0.8549622297286987
 2.5992758274    -0.8565152287483215
 2.6022772789    -0.8580604791641235
 2.6052787304    -0.8595979809761047
 2.6082801819    -0.8611277937889099
 2.6112816334    -0.8626497983932495
 2.6142830849    -0.8641640543937683
 2.6172845364    -0.8656705021858215
 2.6202859879    -0.8671692013740540
 2.6232874393    -0.8686600327491760
 2.6262888908    -0.8701430559158325
 2.6292903423    -0.8716182708740234
 2.6322917938    -0.8730856180191040
 2.6352932453    -0.8745450973510742
 2.6382946968    -0.8759966492652893
 2.6412961483    -0.8774403929710388
 2.6442975998    -0.8788761496543884
 2.6472990513    -0.8803040385246277
 2.6503005028    -0.8817239999771118
 2.6533019543    -0.8831360340118408
 2.6563034058    -0.8845400810241699
 2.6593048573    -0.8859361410140991
 2.6623063087    -0.8873242735862732
 2.6653077602    -0.8887043595314026
 2.6683092117    -0.8900764584541321
 2.6713106632    -0.8914405703544617
 2.6743121147    -0.8927965760231018
 2.6773135662    -0.8941445946693420
 2.6803150177    -0.8954845666885376
 2.6833164692    -0.8968164324760437
 2.6863179207    -0.8981402516365051
 2.6893193722    -0.8994559645652771
 2.6923208237    -0.9007635712623596
 2.6953222752    -0.9020630717277527
 2.6983237267    -0.9033544659614563
 2.7013251781    -0.9046376943588257
 2.7043266296    -0.9059128165245056
 2.7073280811    -0.9071797132492065
 2.7103295326    -0.9084384441375732
 2.7133309841    -0.9096890091896057
 2.7163324356    -0.9109314084053040
 2.7193338871    -0.9121655821800232
 2.7223353386    -0.9133915305137634
 2.7253367901    -0.9146092534065247
 2.7283382416    -0.9158187508583069
 2.7313396931    -0.9170199632644653
 2.7343411446    -0.9182129502296448
 2.7373425961    -0.9193976521492004
 2.7403440475    -0.9205740690231323
 2.7433454990    -0.9217421412467957
 2.7463469505    -0.9229019880294800
 2.7493484020    -0.9240534901618958
 2.7523498535    -0.9251966476440430
 2.7553513050    -0.9263315200805664
 2.7583527565    -0.9274580478668213
 2.7613542080    -0.9285761713981628
 2.7643556595    -0.9296859502792358
 2.7673571110    -0.9307873249053955
 2.7703585625    -0.9318803548812866
 2.7733600140    -0.9329649806022644
 2.7763614655    -0.9340412020683289
 2.7793629169    -0.9351090192794800
 2.7823643684    -0.9361683726310730
 2.7853658199    -0.9372193217277527
 2.7883672714    -0.9382618665695190
 2.7913687229    -0.9392958879470825
 2.7943701744    -0.9403215050697327
 2.7973716259    -0.9413385987281799
 2.8003730774    -0.9423472285270691
 2.8033745289    -0.9433473944664001
 2.8063759804    -0.9443390369415283
 2.8093774319    -0.9453222155570984
 2.8123788834    -0.9462968111038208
 2.8153803349    -0.9472629427909851
 2.8183817863    -0.9482204914093018
 2.8213832378    -0.9491695165634155
 2.8243846893    -0.9501100182533264
 2.8273861408    -0.9510419368743896
 2.8303875923    -0.9519652724266052
 2.8333890438    -0.9528800249099731
 2.8363904953    -0.9537862539291382
 2.8393919468    -0.9546838402748108
 2.8423933983    -0.9555728435516357
 2.8453948498    -0.9564532041549683
 2.8483963013    -0.9573249816894531
 2.8513977528    -0.9581881165504456
 2.8543992043    -0.9590426683425903
 2.8574006557    -0.9598885178565979
 2.8604021072    -0.9607257246971130
 2.8634035587    -0.9615542888641357
 2.8664050102    -0.9623742103576660
 2.8694064617    -0.9631854891777039
 2.8724079132    -0.9639880061149597
 2.8754093647    -0.9647819399833679
 2.8784108162    -0.9655671119689941
 2.8814122677    -0.9663435816764832
 2.8844137192    -0.9671113491058350
 2.8874151707    -0.9678704738616943
 2.8904166222    -0.9686207771301270
 2.8934180737    -0.9693624377250671
 2.8964195251    -0.9700953364372253
 2.8994209766    -0.9708194732666016
 2.9024224281    -0.9715349078178406
 2.9054238796    -0.9722415208816528
 2.9084253311    -0.9729394316673279
 2.9114267826    -0.9736285805702209
 2.9144282341    -0.9743089079856873
 2.9174296856    -0.9749805331230164
 2.9204311371    -0.9756433367729187
 2.9234325886    -0.9762973189353943
 2.9264340401    -0.9769425392150879
 2.9294354916    -0.9775789380073547
 2.9324369431    -0.9782065749168396
 2.9354383945    -0.9788253903388977
 2.9384398460    -0.9794353246688843
 2.9414412975    -0.9800364971160889
 2.9444427490    -0.9806288480758667
 2.9474442005    -0.9812123179435730
 2.9504456520    -0.9817869663238525
 2.9534471035    -0.9823527932167053
 2.9564485550    -0.9829097390174866
 2.9594500065    -0.9834578633308411
 2.9624514580    -0.9839971065521240
 2.9654529095    -0.9845274686813354
 2.9684543610    -0.9850489497184753
 2.9714558125    -0.9855616092681885
 2.9744572639    -0.9860653877258301
 2.9774587154    -0.9865602254867554
 2.9804601669    -0.9870462417602539
 2.9834616184    -0.9875233173370361
 2.9864630699    -0.9879915118217468
 2.9894645214    -0.9884508252143860
 2.9924659729    -0.9889011979103088
 2.9954674244    -0.9893426895141602
 2.9984688759    -0.9897752404212952
 3.0014703274    -0.9901989102363586
 3.0044717789    -0.9906136393547058
 3.0074732304    -0.9910194873809814
 3.0104746819    -0.9914163351058960
 3.0134761333    -0.9918043017387390
 3.0164775848    -0.9921833276748657
 3.0194790363    -0.9925534129142761
 3.0224804878    -0.9929145574569702
 3.0254819393    -0.9932667016983032
 3.0284833908    -0.9936099648475647
 3.0314848423    -0.9939442873001099
 3.0344862938    -0.9942696094512939
 3.0374877453    -0.9945859909057617
 3.0404891968    -0.9948933720588684
 3.0434906483    -0.9951918721199036
 3.0464920998    -0.9954813718795776
 3.0494935513    -0.9957618713378906
 3.0524950027    -0.9960334300994873
 3.0554964542    -0.9962959885597229
 3.0584979057    -0.9965496063232422
 3.0614993572    -0.9967942237854004
 3.0645008087    -0.9970299005508423
 3.0675022602    -0.9972565770149231
 3.0705037117    -0.9974742531776428
 3.0735051632    -0.9976829290390015
 3.0765066147    -0.9978826642036438
 3.0795080662    -0.9980733990669250
 3.0825095177    -0.9982550740242004
 3.0855109692    -0.9984278082847595
 3.0885124207    -0.9985916018486023
 3.0915138721    -0.9987463355064392
 3.0945153236    -0.9988920688629150
 3.0975167751    -0.9990288019180298
 3.1005182266    -0.9991565346717834
 3.1035196781    -0.9992753267288208
 3.1065211296    -0.9993850588798523
 3.1095225811    -0.9994857907295227
 3.1125240326    -0.9995775222778320
 3.1155254841    -0.9996602535247803
 3.1185269356    -0.9997339844703674
 3.1215283871    -0.9997987151145935
 3.1245298386    -0.9998544454574585
 3.1275312901    -0.9999011158943176
 3.1305327415    -0.9999388456344604
 3.1335341930    -0.9999675154685974
 3.1365356445    -0.9999871850013733
 3.1395370960    -0.9999979138374329
 3.1425385475    -0.9999995231628418
 3.1455399990    -0.9999921917915344
 3.1485414505    -0.9999758601188660
 3.1515429020    -0.9999504685401917
 3.1545443535    -0.9999161362648010
 3.1575458050    -0.9998727440834045
 3.1605472565    -0.9998203516006470
 3.1635487080    -0.9997589588165283
 3.1665501595    -0.9996885657310486
 3.1695516109    -0.9996091723442078
 3.1725530624    -0.9995207786560059
 3.1755545139    -0.9994233250617981
 3.1785559654    -0.9993169307708740
 3.1815574169    -0.9992015361785889
 3.1845588684    -0.9990770816802979
 3.1875603199    -0.9989436864852905
 3.1905617714    -0.9988012313842773
 3.1935632229    -0.9986498355865479
 3.1965646744    -0.9984894394874573
 3.1995661259    -0.9983199834823608
 3.2025675774    -0.9981415867805481
 3.2055690289    -0.9979541897773743
 3.2085704803    -0.9977578520774841
 3.2115719318    -0.9975524544715881
 3.2145733833    -0.9973381161689758
 3.2175748348    -0.9971147179603577
 3.2205762863    -0.9968824386596680
 3.2235777378    -0.9966410994529724
 3.2265791893    -0.9963908195495605
 3.2295806408    -0.9961315393447876
 3.2325820923    -0.9958633184432983
 3.2355835438    -0.9955860972404480
 3.2385849953    -0.9952999353408813
 3.2415864468    -0.9950047731399536
 3.2445878983    -0.9947006702423096
 3.2475893497    -0.9943876266479492
 3.2505908012    -0.9940655827522278
 3.2535922527    -0.9937345981597900
 3.2565937042    -0.9933946728706360
 3.2595951557    -0.9930458068847656
 3.2625966072    -0.9926879405975342
 3.2655980587    -0.9923211932182312
 3.2685995102    -0.9919454455375671
 3.2716009617    -0.9915608167648315
 3.2746024132    -0.9911672472953796
 3.2776038647    -0.9907647371292114
 3.2806053162    -0.9903532862663269
 3.2836067677    -0.9899329543113708
 3.2866082191    -0.9895036816596985
 3.2896096706    -0.9890654683113098
 3.2926111221    -0.9886183738708496
 3.2956125736    -0.9881623387336731
 3.2986140251    -0.9876974821090698
 3.3016154766    -0.9872236251831055
 3.3046169281    -0.9867409467697144
 3.3076183796    -0.9862493872642517
 3.3106198311    -0.9857488870620728
 3.3136212826    -0.9852395057678223
 3.3166227341    -0.9847213029861450
 3.3196241856    -0.9841942191123962
 3.3226256371    -0.9836582541465759
 3.3256270885    -0.9831134080886841
 3.3286285400    -0.9825597405433655
 3.3316299915    -0.9819971919059753
 3.3346314430    -0.9814258217811584
 3.3376328945    -0.9808455705642700
 3.3406343460    -0.9802564978599548
 3.3436357975    -0.9796586036682129
 3.3466372490    -0.9790518879890442
 3.3496387005    -0.9784363508224487
 3.3526401520    -0.9778119921684265
 3.3556416035    -0.9771788716316223
 3.3586430550    -0.9765368700027466
 3.3616445065    -0.9758861064910889
 3.3646459579    -0.9752265810966492
 3.3676474094    -0.9745582342147827
 3.3706488609    -0.9738811254501343
 3.3736503124    -0.9731952548027039
 3.3766517639    -0.9725005626678467
 3.3796532154    -0.9717971682548523
 3.3826546669    -0.9710850119590759
 3.3856561184    -0.9703640341758728
 3.3886575699    -0.9696344137191772
 3.3916590214    -0.9688959717750549
 3.3946604729    -0.9681488871574402
 3.3976619244    -0.9673930406570435
 3.4006633759    -0.9666284322738647
 3.4036648273    -0.9658551812171936
 3.4066662788    -0.9650732278823853
 3.4096677303    -0.9642825722694397
 3.4126691818    -0.9634832143783569
 3.4156706333    -0.9626751542091370
 3.4186720848    -0.9618584513664246
 3.4216735363    -0.9610331058502197
 3.4246749878    -0.9601990580558777
 3.4276764393    -0.9593563675880432
 3.4306778908    -0.9585050344467163
 3.4336793423    -0.9576451182365417
 3.4366807938    -0.9567764997482300
 3.4396822453    -0.9558992981910706
 3.4426836967    -0.9550135135650635
 3.4456851482    -0.9541190862655640
 3.4486865997    -0.9532160758972168
 3.4516880512    -0.9523044824600220
 3.4546895027    -0.9513843059539795
 3.4576909542    -0.9504555463790894
 3.4606924057    -0.9495182037353516
 3.4636938572    -0.9485723376274109
 3.4666953087    -0.9476179480552673
 3.4696967602    -0.9466549754142761
 3.4726982117    -0.9456835389137268
 3.4756996632    -0.9447035193443298
 3.4787011147    -0.9437150359153748
 3.4817025661    -0.9427180290222168
 3.4847040176    -0.9417124986648560
 3.4877054691    -0.9406985044479370
 3.4907069206    -0.9396760463714600
 3.4937083721    -0.9386451244354248
 3.4967098236    -0.9376057386398315
 3.4997112751    -0.9365579485893250
 3.5027127266    -0.9355016946792603
 3.5057141781    -0.9344369769096375
 3.5087156296    -0.9333638548851013
 3.5117170811    -0.9322823286056519
 3.5147185326    -0.9311924576759338
 3.5177199841    -0.9300941228866577
 3.5207214355    -0.9289874434471130
 3.5237228870    -0.9278723597526550
 3.5267243385    -0.9267489910125732
 3.5297257900    -0.9256172180175781
 3.5327272415    -0.9244771003723145
 3.5357286930    -0.9233286976814270
 3.5387301445    -0.9221719503402710
 3.5417315960    -0.9210068583488464
 3.5447330475    -0.9198335409164429
 3.5477344990    -0.9186518788337708
 3.5507359505    -0.9174619913101196
 3.5537374020    -0.9162638187408447
 3.5567388535    -0.9150573611259460
 3.5597403049    -0.9138426780700684
 3.5627417564    -0.9126197695732117
 3.5657432079    -0.9113886356353760
 3.5687446594    -0.9101493358612061
 3.5717461109    -0.9089017510414124
 3.5747475624    -0.9076460599899292
 3.5777490139    -0.9063821434974670
 3.5807504654    -0.9051100611686707
 3.5837519169    -0.9038298130035400
 3.5867533684    -0.9025414586067200
 3.5897548199    -0.9012449979782104
 3.5927562714    -0.8999403715133667
 3.5957577229    -0.8986276388168335
 3.5987591743    -0.8973067998886108
 3.6017606258    -0.8959779143333435
 3.6047620773    -0.8946409225463867
 3.6077635288    -0.8932958841323853
 3.6107649803    -0.8919427990913391
 3.6137664318    -0.8905817270278931
 3.6167678833    -0.8892125487327576
 3.6197693348    -0.8878354430198669
 3.6227707863    -0.8864502906799316
 3.6257722378    -0.8850571513175964
 3.6287736893    -0.8836560249328613
 3.6317751408    -0.8822469711303711
 3.6347765923    -0.8808299303054810
 3.6377780437    -0.8794050216674805
 3.6407794952    -0.8779721260070801
 3.6437809467    -0.8765313625335693
 3.6467823982    -0.8750826716423035
 3.6497838497    -0.8736261129379272
 3.6527853012    -0.8721616864204407
 3.6557867527    -0.8706893920898438
 3.6587882042    -0.8692092299461365
 3.6617896557    -0.8677212595939636
 3.6647911072    -0.8662254810333252
 3.6677925587    -0.8647218942642212
 3.6707940102    -0.8632105588912964
 3.6737954617    -0.8616913557052612
 3.6767969131    -0.8601644635200500
 3.6797983646    -0.8586298227310181
 3.6827998161    -0.8570874333381653
 3.6858012676    -0.8555372953414917
 3.6888027191    -0.8539794683456421
 3.6918041706    -0.8524139523506165
 3.6948056221    -0.8508407473564148
 3.6978070736    -0.8492599129676819
 3.7008085251    -0.8476713895797729
 3.7038099766    -0.8460752367973328
 3.7068114281    -0.8444714546203613
 3.7098128796    -0.8428600430488586
 3.7128143311    -0.8412411212921143
 3.7158157825    -0.8396145105361938
 3.7188172340    -0.8379804491996765
 3.7218186855    -0.8363387584686279
 3.7248201370    -0.8346895575523376
 3.7278215885    -0.8330328464508057
 3.7308230400    -0.8313686251640320
 3.7338244915    -0.8296968936920166
 3.7368259430    -0.8280177116394043
 3.7398273945    -0.8263310790061951
 3.7428288460    -0.8246369957923889
 3.7458302975    -0.8229354619979858
 3.7488317490    -0.8212265372276306
 3.7518332005    -0.8195102214813232
 3.7548346519    -0.8177864551544189
 3.7578361034    -0.8160554170608521
 3.7608375549    -0.8143169879913330
 3.7638390064    -0.8125711679458618
 3.7668404579    -0.8108180761337280
 3.7698419094    -0.8090577125549316
 3.7728433609    -0.8072900176048279
 3.7758448124    -0.8055150508880615
 3.7788462639    -0.8037328720092773
 3.7818477154    -0.8019434213638306
 3.7848491669    -0.8001467585563660
 3.7878506184    -0.7983428239822388
 3.7908520699    -0.7965317964553833
 3.7938535213    -0.7947134971618652
 3.7968549728    -0.7928881049156189
 3.7998564243    -0.7910555601119995
 3.8028578758    -0.7892158627510071
 3.8058593273    -0.7873690724372864
 3.8088607788    -0.7855151891708374
 3.8118622303    -0.7836542129516602
 3.8148636818    -0.7817862033843994
 3.8178651333    -0.7799111604690552
 3.8208665848    -0.7780290842056274
 3.8238680363    -0.7761399745941162
 3.8268694878    -0.7742438912391663
 3.8298709393    -0.7723408341407776
 3.8328723907    -0.7704308032989502
 3.8358738422    -0.7685137987136841
 3.8388752937    -0.7665899395942688
 3.8418767452    -0.7646591663360596
 3.8448781967    -0.7627214789390564
 3.8478796482    -0.7607768774032593
 3.8508810997    -0.7588254809379578
 3.8538825512    -0.7568672299385071
 3.8568840027    -0.7549021840095520
 3.8598854542    -0.7529303431510925
 3.8628869057    -0.7509517073631287
 3.8658883572    -0.7489662766456604
 3.8688898087    -0.7469741106033325
 3.8718912601    -0.7449752092361450
 3.8748927116    -0.7429696321487427
 3.8778941631    -0.7409573197364807
 3.8808956146    -0.7389383912086487
 3.8838970661    -0.7369127869606018
 3.8868985176    -0.7348805069923401
 3.8898999691    -0.7328416109085083
 3.8929014206    -0.7307961583137512
 3.8959028721    -0.7287440896034241
 3.8989043236    -0.7266854643821716
 3.9019057751    -0.7246202826499939
 3.9049072266    -0.7225485444068909
 3.9079086781    -0.7204703092575073
 3.9109101295    -0.7183856368064880
 3.9139115810    -0.7162944674491882
 3.9169130325    -0.7141968011856079
 3.9199144840    -0.7120927572250366
 3.9229159355    -0.7099822759628296
 3.9259173870    -0.7078654170036316
 3.9289188385    -0.7057421207427979
 3.9319202900    -0.7036125659942627
 3.9349217415    -0.7014765739440918
 3.9379231930    -0.6993343234062195
 3.9409246445    -0.6971857547760010
 3.9439260960    -0.6950309276580811
 3.9469275475    -0.6928697824478149
 3.9499289989    -0.6907024383544922
 3.9529304504    -0.6885288953781128
 3.9559319019    -0.6863490939140320
 3.9589333534    -0.6841631531715393
 3.9619348049    -0.6819710135459900
 3.9649362564    -0.6797727346420288
 3.9679377079    -0.6775683164596558
 3.9709391594    -0.6753578782081604
 3.9739406109    -0.6731412410736084
 3.9769420624    -0.6709186434745789
 3.9799435139    -0.6686899662017822
 3.9829449654    -0.6664552092552185
 3.9859464169    -0.6642144918441772
 3.9889478683    -0.6619678139686584
 3.9919493198    -0.6597151756286621
 3.9949507713    -0.6574565172195435
 3.9979522228    -0.6551920175552368
 4.0009536743    -0.6529215574264526
 4.0039553642    -0.6506450772285461
 4.0069570541    -0.6483627557754517
 4.0099587440    -0.6460745334625244
 4.0129604340    -0.6437805294990540
 4.0159621239    -0.6414806842803955
 4.0189638138    -0.6391751170158386
 4.0219655037    -0.6368637084960938
 4.0249671936    -0.6345466375350952
 4.0279688835    -0.6322238445281982
 4.0309705734    -0.6298953294754028
 4.0339722633    -0.6275610923767090
 4.0369739532    -0.6252212524414062
 4.0399756432    -0.6228758096694946
 4.0429773331    -0.6205247044563293
 4.0459790230    -0.6181680560112000
 4.0489807129    -0.6158058047294617
 4.0519824028    -0.6134380102157593
 4.0549840927    -0.6110646724700928
 4.0579857826    -0.6086858510971069
 4.0609874725    -0.6063015460968018
 4.0639891624    -0.6039117574691772
 4.0669908524    -0.6015165448188782
 4.0699925423    -0.5991159081459045
 4.0729942322    -0.5967098474502563
 4.0759959221    -0.5942984223365784
 4.0789976120    -0.5918816924095154
 4.0819993019    -0.5894595980644226
 4.0850009918    -0.5870321989059448
 4.0880026817    -0.5845994949340820
 4.0910043716    -0.5821614861488342
 4.0940060616    -0.5797182917594910
 4.0970077515    -0.5772698521614075
 4.1000094414    -0.5748162269592285
 4.1030111313    -0.5723574161529541
 4.1060128212    -0.5698934197425842
 4.1090145111    -0.5674242973327637
 4.1120162010    -0.5649501085281372
 4.1150178909    -0.5624707937240601
 4.1180195808    -0.5599864125251770
 4.1210212708    -0.5574969649314880
 4.1240229607    -0.5550025105476379
 4.1270246506    -0.5525031089782715
 4.1300263405    -0.5499986410140991
 4.1330280304    -0.5474892854690552
 4.1360297203    -0.5449749827384949
 4.1390314102    -0.5424557328224182
 4.1420331001    -0.5399316549301147
 4.1450347900    -0.5374026298522949
 4.1480364799    -0.5348688364028931
 4.1510381699    -0.5323302149772644
 4.1540398598    -0.5297867655754089
 4.1570415497    -0.5272385478019714
 4.1600432396    -0.5246855616569519
 4.1630449295    -0.5221279263496399
 4.1660466194    -0.5195655226707458
 4.1690483093    -0.5169984102249146
 4.1720499992    -0.5144267082214355
 4.1750516891    -0.5118503570556641
 4.1780533791    -0.5092693567276001
 4.1810550690    -0.5066838264465332
 4.1840567589    -0.5040936470031738
 4.1870584488    -0.5014989972114563
 4.1900601387    -0.4988998174667358
 4.1930618286    -0.4962961077690125
 4.1960635185    -0.4936879575252533
 4.1990652084    -0.4910753369331360
 4.2020668983    -0.4884583055973053
 4.2050685883    -0.4858368933200836
 4.2080702782    -0.4832110702991486
 4.2110719681    -0.4805808961391449
 4.2140736580    -0.4779464006423950
 4.2170753479    -0.4753076136112213
 4.2200770378    -0.4726645350456238
 4.2230787277    -0.4700171947479248
 4.2260804176    -0.4673656225204468
 4.2290821075    -0.4647098183631897
 4.2320837975    -0.4620498418807983
 4.2350854874    -0.4593857228755951
 4.2380871773    -0.4567174315452576
 4.2410888672    -0.4540450572967529
 4.2440905571    -0.4513685703277588
 4.2470922470    -0.4486880004405975
 4.2500939369    -0.4460034072399139
 4.2530956268    -0.4433147907257080
 4.2560973167    -0.4406222105026245
 4.2590990067    -0.4379256367683411
 4.2621006966    -0.4352250993251801
 4.2651023865    -0.4325206577777863
 4.2681040764    -0.4298123121261597
 4.2711057663    -0.4271000921726227
 4.2741074562    -0.4243840277194977
 4.2771091461    -0.4216641485691071
 4.2801108360    -0.4189404845237732
 4.2831125259    -0.4162130057811737
 4.2861142159    -0.4134818017482758
 4.2891159058    -0.4107468724250793
 4.2921175957    -0.4080082476139069
 4.2951192856    -0.4052659273147583
 4.2981209755    -0.4025199711322784
 4.3011226654    -0.3997703790664673
 4.3041243553    -0.3970171809196472
 4.3071260452    -0.3942604064941406
 4.3101277351    -0.3915000855922699
 4.3131294250    -0.3887362480163574
 4.3161311150    -0.3859688937664032
 4.3191328049    -0.3831980526447296
 4.3221344948    -0.3804237842559814
 4.3251361847    -0.3776460587978363
 4.3281378746    -0.3748649656772614
 4.3311395645    -0.3720804750919342
 4.3341412544    -0.3692926168441772
 4.3371429443    -0.3665014505386353
 4.3401446342    -0.3637069761753082
 4.3431463242    -0.3609092235565186
 4.3461480141    -0.3581082224845886
 4.3491497040    -0.3553040027618408
 4.3521513939    -0.3524965941905975
 4.3551530838    -0.3496859669685364
 4.3581547737    -0.3468722105026245
 4.3611564636    -0.3440553247928619
 4.3641581535    -0.3412353694438934
 4.3671598434    -0.3384123146533966
 4.3701615334    -0.3355861902236938
 4.3731632233    -0.3327570855617523
 4.3761649132    -0.3299249410629272
 4.3791666031    -0.3270898461341858
 4.3821682930    -0.3242518007755280
 4.3851699829    -0.3214108347892761
 4.3881716728    -0.3185669779777527
 4.3911733627    -0.3157202303409576
 4.3941750526    -0.3128706514835358
 4.3971767426    -0.3100182712078094
 4.4001784325    -0.3071630597114563
 4.4031801224    -0.3043051064014435
 4.4061818123    -0.3014444112777710
 4.4091835022    -0.2985810041427612
 4.4121851921    -0.2957148849964142
 4.4151868820    -0.2928461134433746
 4.4181885719    -0.2899747192859650
 4.4211902618    -0.2871006727218628
 4.4241919518    -0.2842240631580353
 4.4271936417    -0.2813448905944824
 4.4301953316    -0.2784632146358490
 4.4331970215    -0.2755789756774902
 4.4361987114    -0.2726922929286957
 4.4392004013    -0.2698031365871429
 4.4422020912    -0.2669115364551544
 4.4452037811    -0.2640175521373749
 4.4482054710    -0.2611211836338043
 4.4512071609    -0.2582224607467651
 4.4542088509    -0.2553214132785797
 4.4572105408    -0.2524180710315704
 4.4602122307    -0.2495124489068985
 4.4632139206    -0.2466045767068863
 4.4662156105    -0.2436944842338562
 4.4692173004    -0.2407822012901306
 4.4722189903    -0.2378677427768707
 4.4752206802    -0.2349511384963989
 4.4782223701    -0.2320324182510376
 4.4812240601    -0.2291116118431091
 4.4842257500    -0.2261887341737747
 4.4872274399    -0.2232638299465179
 4.4902291298    -0.2203368991613388
 4.4932308197    -0.2174080014228821
 4.4962325096    -0.2144771367311478
 4.4992341995    -0.2115443348884583
 4.5022358894    -0.2086096256971359
 4.5052375793    -0.2056730389595032
 4.5082392693    -0.2027346044778824
 4.5112409592    -0.1997943371534348
 4.5142426491    -0.1968522667884827
 4.5172443390    -0.1939084380865097
 4.5202460289    -0.1909628510475159
 4.5232477188    -0.1880155354738235
 4.5262494087    -0.1850665360689163
 4.5292510986    -0.1821158677339554
 4.5322527885    -0.1791635602712631
 4.5352544785    -0.1762096434831619
 4.5382561684    -0.1732541322708130
 4.5412578583    -0.1702970564365387
 4.5442595482    -0.1673384457826614
 4.5472612381    -0.1643783301115036
 4.5502629280    -0.1614167392253876
 4.5532646179    -0.1584536880254745
 4.5562663078    -0.1554892212152481
 4.5592679977    -0.1525233387947083
 4.5622696877    -0.1495560854673386
 4.5652713776    -0.1465874910354614
 4.5682730675    -0.1436175704002380
 4.5712747574    -0.1406463533639908
 4.5742764473    -0.1376738697290421
 4.5772781372    -0.1347001492977142
 4.5802798271    -0.1317252069711685
 4.5832815170    -0.1287490874528885
 4.5862832069    -0.1257718056440353
 4.5892848969    -0.1227933838963509
 4.5922865868    -0.1198138669133186
 4.5952882767    -0.1168332621455193
 4.5982899666    -0.1138516068458557
 4.6012916565    -0.1108689233660698
 4.6042933464    -0.1078852489590645
 4.6072950363    -0.1049005985260010
 4.6102967262    -0.1019149944186211
 4.6132984161    -0.0989284813404083
 4.6163001060    -0.0959410741925240
 4.6193017960    -0.0929528027772903
 4.6223034859    -0.0899636968970299
 4.6253051758    -0.0869737789034843
 4.6283068657    -0.0839830785989761
 4.6313085556    -0.0809916183352470
 4.6343102455    -0.0779994279146194
 4.6373119354    -0.0750065371394157
 4.6403136253    -0.0720129683613777
 4.6433153152    -0.0690187513828278
 4.6463170052    -0.0660239160060883
 4.6493186951    -0.0630284771323204
 4.6523203850    -0.0600324794650078
 4.6553220749    -0.0570359379053116
 4.6583237648    -0.0540388785302639
 4.6613254547    -0.0510413385927677
 4.6643271446    -0.0480433329939842
 4.6673288345    -0.0450448989868164
 4.6703305244    -0.0420460589230061
 4.6733322144    -0.0390468388795853
 4.6763339043    -0.0360472649335861
 4.6793355942    -0.0330473668873310
 4.6823372841    -0.0300471726804972
 4.6853389740    -0.0270467083901167
 4.6883406639    -0.0240459982305765
 4.6913423538    -0.0210450720041990
 4.6943440437    -0.0180439576506615
 4.6973457336    -0.0150426793843508
 4.7003474236    -0.0120412660762668
 4.7033491135    -0.0090397438034415
 4.7063508034    -0.0060381405055523
 4.7093524933    -0.0030364824924618
 4.7123541832    -0.0000347971872543
 4.7153558731     0.0029668884817511
 4.7183575630     0.0059685474261642
 4.7213592529     0.0089701525866985
 4.7243609428     0.0119716767221689
 4.7273626328     0.0149730928242207
 4.7303643227     0.0179743748158216
 4.7333660126     0.0209754928946495
 4.7363677025     0.0239764247089624
 4.7393693924     0.0269771385937929
 4.7423710823     0.0299776103347540
 4.7453727722     0.0329778119921684
 4.7483744621     0.0359777174890041
 4.7513761520     0.0389772951602936
 4.7543778419     0.0419765226542950
 4.7573795319     0.0449753738939762
 4.7603812218     0.0479738190770149
 4.7633829117     0.0509718321263790
 4.7663846016     0.0539693869650364
 4.7693862915     0.0569664537906647
 4.7723879814     0.0599630102515221
 4.7753896713     0.0629590228199959
 4.7783913612     0.0659544691443443
 4.7813930511     0.0689493194222450
 4.7843947411     0.0719435513019562
 4.7873964310     0.0749371349811554
 4.7903981209     0.0779300481081009
 4.7933998108     0.0809222534298897
 4.7964015007     0.0839137285947800
 4.7994031906     0.0869044512510300
 4.8024048805     0.0898943841457367
 4.8054065704     0.0928835123777390
 4.8084082603     0.0958718061447144
 4.8114099503     0.0988592281937599
 4.8144116402     0.1018457636237144
 4.8174133301     0.1048313826322556
 4.8204150200     0.1078160554170609
 4.8234167099     0.1107997596263885
 4.8264183998     0.1137824654579163
 4.8294200897     0.1167641431093216
 4.8324217796     0.1197447702288628
 4.8354234695     0.1227243170142174
 4.8384251595     0.1257027536630630
 4.8414268494     0.1286800652742386
 4.8444285393     0.1316562145948410
 4.8474302292     0.1346311867237091
 4.8504319191     0.1376049369573593
 4.8534336090     0.1405774503946304
 4.8564352989     0.1435486972332001
 4.8594369888     0.1465186476707458
 4.8624386787     0.1494872719049454
 4.8654403687     0.1524545550346375
 4.8684420586     0.1554204672574997
 4.8714437485     0.1583849787712097
 4.8744454384     0.1613480597734451
 4.8774471283     0.1643096953630447
 4.8804488182     0.1672698408365250
 4.8834505081     0.1702284812927246
 4.8864521980     0.1731855869293213
 4.8894538879     0.1761411279439926
 4.8924555779     0.1790950894355774
 4.8954572678     0.1820474416017532
 4.8984589577     0.1849981546401978
 4.9014606476     0.1879471838474274
 4.9044623375     0.1908945292234421
 4.9074640274     0.1938401609659195
 4.9104657173     0.1967840343713760
 4.9134674072     0.1997261494398117
 4.9164690971     0.2026664465665817
 4.9194707870     0.2056049257516861
 4.9224724770     0.2085415571928024
 4.9254741669     0.2114763110876083
 4.9284758568     0.2144091576337814
 4.9314775467     0.2173400670289993
 4.9344792366     0.2202690243721008
 4.9374809265     0.2231959849596024
 4.9404826164     0.2261209487915039
 4.9434843063     0.2290438711643219
 4.9464859962     0.2319647222757339
 4.9494876862     0.2348834872245789
 4.9524893761     0.2378001362085342
 4.9554910660     0.2407146543264389
 4.9584927559     0.2436269968748093
 4.9614944458     0.2465371340513229
 4.9644961357     0.2494450509548187
 4.9674978256     0.2523507475852966
 4.9704995155     0.2552541196346283
 4.9735012054     0.2581552267074585
 4.9765028954     0.2610540091991425
 4.9795045853     0.2639504373073578
 4.9825062752     0.2668444812297821
 4.9855079651     0.2697361111640930
 4.9885096550     0.2726253271102905
 4.9915113449     0.2755120992660522
 4.9945130348     0.2783963680267334
 4.9975147247     0.2812781333923340
 5.0005164146     0.2841573357582092
 5.0035181046     0.2870340049266815
 5.0065197945     0.2899081110954285
 5.0095214844     0.2927795648574829
 5.0125231743     0.2956483960151672
 5.0155248642     0.2985145747661591
 5.0185265541     0.3013780415058136
 5.0215282440     0.3042388260364532
 5.0245299339     0.3070968389511108
 5.0275316238     0.3099520802497864
 5.0305333138     0.3128045499324799
 5.0335350037     0.3156541883945465
 5.0365366936     0.3185009956359863
 5.0395383835     0.3213449418544769
 5.0425400734     0.3241859674453735
 5.0455417633     0.3270240724086761
 5.0485434532     0.3298592567443848
 5.0515451431     0.3326914310455322
 5.0545468330     0.3355206251144409
 5.0575485229     0.3383468091487885
 5.0605502129     0.3411699533462524
 5.0635519028     0.3439899981021881
 5.0665535927     0.3468069434165955
 5.0695552826     0.3496207594871521
 5.0725569725     0.3524314463138580
 5.0755586624     0.3552389442920685
 5.0785603523     0.3580432534217834
 5.0815620422     0.3608443439006805
 5.0845637321     0.3636421561241150
 5.0875654221     0.3664366900920868
 5.0905671120     0.3692279458045959
 5.0935688019     0.3720158636569977
 5.0965704918     0.3748004436492920
 5.0995721817     0.3775816261768341
 5.1025738716     0.3803594112396240
 5.1055755615     0.3831337690353394
 5.1085772514     0.3859046995639801
 5.1115789413     0.3886721134185791
 5.1145806313     0.3914360404014587
 5.1175823212     0.3941964507102966
 5.1205840111     0.3969533145427704
 5.1235857010     0.3997065722942352
 5.1265873909     0.4024562537670135
 5.1295890808     0.4052022993564606
 5.1325907707     0.4079447090625763
 5.1355924606     0.4106834232807159
 5.1385941505     0.4134184420108795
 5.1415958405     0.4161497354507446
 5.1445975304     0.4188772737979889
 5.1475992203     0.4216010570526123
 5.1506009102     0.4243210256099701
 5.1536026001     0.4270371794700623
 5.1566042900     0.4297494888305664
 5.1596059799     0.4324578940868378
 5.1626076698     0.4351624548435211
 5.1656093597     0.4378630518913269
 5.1686110497     0.4405597150325775
 5.1716127396     0.4432524144649506
 5.1746144295     0.4459411203861237
 5.1776161194     0.4486258029937744
 5.1806178093     0.4513064622879028
 5.1836194992     0.4539830386638641
 5.1866211891     0.4566555321216583
 5.1896228790     0.4593238830566406
 5.1926245689     0.4619881212711334
 5.1956262589     0.4646481871604919
 5.1986279488     0.4673040807247162
 5.2016296387     0.4699557721614838
 5.2046313286     0.4726032018661499
 5.2076330185     0.4752463698387146
 5.2106347084     0.4778852760791779
 5.2136363983     0.4805198907852173
 5.2166380882     0.4831501543521881
 5.2196397781     0.4857760667800903
 5.2226414680     0.4883975982666016
 5.2256431580     0.4910147190093994
 5.2286448479     0.4936274290084839
 5.2316465378     0.4962356984615326
 5.2346482277     0.4988394975662231
 5.2376499176     0.5014387965202332
 5.2406516075     0.5040335655212402
 5.2436532974     0.5066238045692444
 5.2466549873     0.5092094540596008
 5.2496566772     0.5117905735969543
 5.2526583672     0.5143670439720154
 5.2556600571     0.5169388651847839
 5.2586617470     0.5195060372352600
 5.2616634369     0.5220685601234436
 5.2646651268     0.5246263146400452
 5.2676668167     0.5271794199943542
 5.2706685066     0.5297277569770813
 5.2736701965     0.5322712659835815
 5.2766718864     0.5348100066184998
 5.2796735764     0.5373439788818359
 5.2826752663     0.5398730635643005
 5.2856769562     0.5423972606658936
 5.2886786461     0.5449166297912598
 5.2916803360     0.5474310517311096
 5.2946820259     0.5499405264854431
 5.2976837158     0.5524450540542603
 5.3006854057     0.5549446344375610
 5.3036870956     0.5574392080307007
 5.3066887856     0.5599287748336792
 5.3096904755     0.5624132752418518
 5.3126921654     0.5648926496505737
 5.3156938553     0.5673670172691345
 5.3186955452     0.5698362588882446
 5.3216972351     0.5723003149032593
 5.3246989250     0.5747592449188232
 5.3277006149     0.5772130489349365
 5.3307023048     0.5796616077423096
 5.3337039948     0.5821049213409424
 5.3367056847     0.5845429897308350
 5.3397073746     0.5869758129119873
 5.3427090645     0.5894033908843994
 5.3457107544     0.5918256044387817
 5.3487124443     0.5942424535751343
 5.3517141342     0.5966539978981018
 5.3547158241     0.5990601778030396
 5.3577175140     0.6014609336853027
 5.3607192039     0.6038562655448914
 5.3637208939     0.6062461733818054
 5.3667225838     0.6086305975914001
 5.3697242737     0.6110095977783203
 5.3727259636     0.6133830547332764
 5.3757276535     0.6157509684562683
 5.3787293434     0.6181133389472961
 5.3817310333     0.6204701662063599
 5.3847327232     0.6228213310241699
 5.3877344131     0.6251669526100159
 5.3907361031     0.6275069117546082
 5.3937377930     0.6298412680625916
 5.3967394829     0.6321699023246765
 5.3997411728     0.6344928145408630
 5.4027428627     0.6368100643157959
 5.4057445526     0.6391215920448303
 5.4087462425     0.6414272785186768
 5.4117479324     0.6437272429466248
 5.4147496223     0.6460214257240295
 5.4177513123     0.6483097672462463
 5.4207530022     0.6505922079086304
 5.4237546921     0.6528688669204712
 5.4267563820     0.6551396250724792
 5.4297580719     0.6574044823646545
 5.4327597618     0.6596633791923523
 5.4357614517     0.6619163751602173
 5.4387631416     0.6641633510589600
 5.4417648315     0.6664044260978699
 5.4447665215     0.6686394214630127
 5.4477682114     0.6708684563636780
 5.4507699013     0.6730914115905762
 5.4537715912     0.6753082871437073
 5.4567732811     0.6775190830230713
 5.4597749710     0.6797237992286682
 5.4627766609     0.6819223761558533
 5.4657783508     0.6841148138046265
 5.4687800407     0.6863010525703430
 5.4717817307     0.6884811520576477
 5.4747834206     0.6906550526618958
 5.4777851105     0.6928226947784424
 5.4807868004     0.6949841380119324
 5.4837884903     0.6971392631530762
 5.4867901802     0.6992881298065186
 5.4897918701     0.7014307379722595
 5.4927935600     0.7035669684410095
 5.4957952499     0.7056968808174133
 5.4987969398     0.7078204751014709
 5.5017986298     0.7099376320838928
 5.5048003197     0.7120484113693237
 5.5078020096     0.7141527533531189
 5.5108036995     0.7162507176399231
 5.5138053894     0.7183421850204468
 5.5168070793     0.7204272150993347
 5.5198087692     0.7225056886672974
 5.5228104591     0.7245777249336243
 5.5258121490     0.7266432046890259
 5.5288138390     0.7287021279335022
 5.5318155289     0.7307544946670532
 5.5348172188     0.7328002452850342
 5.5378189087     0.7348394393920898
 5.5408205986     0.7368720173835754
 5.5438222885     0.7388979196548462
 5.5468239784     0.7409171462059021
 5.5498256683     0.7429297566413879
 5.5528273582     0.7449356317520142
 5.5558290482     0.7469348311424255
 5.5588307381     0.7489272952079773
 5.5618324280     0.7509129643440247
 5.5648341179     0.7528918981552124
 5.5678358078     0.7548640370368958
 5.5708374977     0.7568293809890747
 5.5738391876     0.7587879300117493
 5.5768408775     0.7607396245002747
 5.5798425674     0.7626844644546509
 5.5828442574     0.7646224498748779
 5.5858459473     0.7665535211563110
 5.5888476372     0.7684776782989502
 5.5918493271     0.7703949213027954
 5.5948510170     0.7723052501678467
 5.5978527069     0.7742086052894592
 5.6008543968     0.7761049270629883
 5.6038560867     0.7779943346977234
 5.6068577766     0.7798767089843750
 5.6098594666     0.7817520499229431
 5.6128611565     0.7836203575134277
 5.6158628464     0.7854815721511841
 5.6188645363     0.7873357534408569
 5.6218662262     0.7891827821731567
 5.6248679161     0.7910227775573730
 5.6278696060     0.7928555607795715
 5.6308712959     0.7946812510490417
 5.6338729858     0.7964997887611389
 5.6368746758     0.7983111143112183
 5.6398763657     0.8001152873039246
 5.6428780556     0.8019122481346130
 5.6458797455     0.8037019371986389
 5.6488814354     0.8054844141006470
 5.6518831253     0.8072596788406372
 5.6548848152     0.8090276122093201
 5.6578865051     0.8107882738113403
 5.6608881950     0.8125416040420532
 5.6638898849     0.8142876625061035
 5.6668915749     0.8160263299942017
 5.6698932648     0.8177576661109924
 5.6728949547     0.8194816708564758
 5.6758966446     0.8211982250213623
 5.6788983345     0.8229074478149414
 5.6819000244     0.8246092200279236
 5.6849017143     0.8263035416603088
 5.6879034042     0.8279904723167419
 5.6909050941     0.8296698927879333
 5.6939067841     0.8313418626785278
 5.6969084740     0.8330063223838806
 5.6999101639     0.8346633315086365
 5.7029118538     0.8363127708435059
 5.7059135437     0.8379546999931335
 5.7089152336     0.8395890593528748
 5.7119169235     0.8412158489227295
 5.7149186134     0.8428350687026978
 5.7179203033     0.8444466590881348
 5.7209219933     0.8460506796836853
 5.7239236832     0.8476470708847046
 5.7269253731     0.8492358326911926
 5.7299270630     0.8508169651031494
 5.7329287529     0.8523904085159302
 5.7359304428     0.8539561629295349
 5.7389321327     0.8555142283439636
 5.7419338226     0.8570646047592163
 5.7449355125     0.8586072325706482
 5.7479372025     0.8601421117782593
 5.7509388924     0.8616692423820496
 5.7539405823     0.8631886243820190
 5.7569422722     0.8647002577781677
 5.7599439621     0.8662040829658508
 5.7629456520     0.8677000999450684
 5.7659473419     0.8691882491111755
 5.7689490318     0.8706686496734619
 5.7719507217     0.8721411228179932
 5.7749524117     0.8736057877540588
 5.7779541016     0.8750625848770142
 5.7809557915     0.8765115141868591
 5.7839574814     0.8779525160789490
 5.7869591713     0.8793855905532837
 5.7899608612     0.8808107376098633
 5.7929625511     0.8822280168533325
 5.7959642410     0.8836373090744019
 5.7989659309     0.8850386142730713
 5.8019676208     0.8864319920539856
 5.8049693108     0.8878173232078552
 5.8079710007     0.8891946673393250
 5.8109726906     0.8905640244483948
 5.8139743805     0.8919253945350647
 5.8169760704     0.8932786583900452
 5.8199777603     0.8946239352226257
 5.8229794502     0.8959611058235168
 5.8259811401     0.8972902297973633
 5.8289828300     0.8986112475395203
 5.8319845200     0.8999241590499878
 5.8349862099     0.9012289643287659
 5.8379878998     0.9025256633758545
 5.8409895897     0.9038142561912537
 5.8439912796     0.9050946831703186
 5.8469929695     0.9063669443130493
 5.8499946594     0.9076310396194458
 5.8529963493     0.9088869690895081
 5.8559980392     0.9101346731185913
 5.8589997292     0.9113742113113403
 5.8620014191     0.9126055836677551
 5.8650031090     0.9138286709785461
 5.8680047989     0.9150435328483582
 5.8710064888     0.9162501692771912
 5.8740081787     0.9174485206604004
 5.8770098686     0.9186386466026306
 5.8800115585     0.9198204278945923
 5.8830132484     0.9209939837455750
 5.8860149384     0.9221591949462891
 5.8890166283     0.9233161211013794
 5.8920183182     0.9244647622108459
 5.8950200081     0.9256050586700439
 5.8980216980     0.9267369508743286
 5.9010233879     0.9278605580329895
 5.9040250778     0.9289758205413818
 5.9070267677     0.9300826787948608
 5.9100284576     0.9311811327934265
 5.9130301476     0.9322712421417236
 5.9160318375     0.9333528876304626
 5.9190335274     0.9344261884689331
 5.9220352173     0.9354910850524902
 5.9250369072     0.9365475177764893
 5.9280385971     0.9375954866409302
 5.9310402870     0.9386350512504578
 5.9340419769     0.9396660923957825
 5.9370436668     0.9406887292861938
 5.9400453568     0.9417029023170471
 5.9430470467     0.9427085518836975
 5.9460487366     0.9437057375907898
 5.9490504265     0.9446943998336792
 5.9520521164     0.9456745386123657
 5.9550538063     0.9466461539268494
 5.9580554962     0.9476092457771301
 5.9610571861     0.9485638141632080
 5.9640588760     0.9495098590850830
 5.9670605659     0.9504473209381104
 5.9700622559     0.9513761997222900
 5.9730639458     0.9522965550422668
 5.9760656357     0.9532082676887512
 5.9790673256     0.9541114568710327
 5.9820690155     0.9550060033798218
 5.9850707054     0.9558919668197632
 5.9880723953     0.9567692875862122
 5.9910740852     0.9576380252838135
 5.9940757751     0.9584981203079224
 5.9970774651     0.9593495726585388
 6.0000791550     0.9601923823356628
