  1   0.0080686779692769
  2   0.0099455298784272
  3   0.0089415131392084
  4   0.0100377568952380
  5   0.0118707962844281
  6   0.0121869355267249
  7   0.0132061237704797
  8   0.0127786619517032
  9   0.0126980459458778
 10   0.0134077162169111
 11   0.0151345085031340
 12   0.0201513700624269
 13   0.0234517852622059
 14   0.0255434442753058
 15   0.0262070901013365
 16   0.0252806795793474
 17   0.0271538307638580
 18   0.0284466244120132
 19   0.0290357278493261
 20   0.0333638572391982
 21   0.0339708447832456
 22   0.0324834088921391
 23   0.0347440584947853
 24   0.0379611556253291
 25   0.0382342476933599
 26   0.0408115824076000
 27   0.0412165298429184
 28   0.0435207814882744
 29   0.0454484773251648
 30   0.0466884233327133
 31   0.0483922151645583
 32   0.0496624123387833
 33   0.0511794864290093
 34   0.0531296125106975
 35   0.0544282369207725
 36   0.0572398926320857
 37   0.0584725946487248
 38   0.0599551801126873
 39   0.0613782203022403
 40   0.0638457318113248
 41   0.0668241055824276
 42   0.0677824595907442
 43   0.0693346086427124
 44   0.0708489920064815
 45   0.0723916063956683
 46   0.0751090202322122
 47   0.0778627578886343
 48   0.0789031117768695
 49   0.0805000178950643
 50   0.0828742461416008
 51   0.0848905304704354
 52   0.0874501134023580
 53   0.0893311359322474
 54   0.0916986281330098
 55   0.0934565137965199
 56   0.0959847127343154
 57   0.0978709253595865
 58   0.1008335833502490
 59   0.1018908328626795
 60   0.1058072623599845
 61   0.1070007941575700
 62   0.1092450113956774
 63   0.1139138988415476
 64   0.1160305266132312
 65   0.1173027073711571
 66   0.1195027659271604
 67   0.1227064011902066
 68   0.1272112788663262
 69   0.1297963373981786
 70   0.1317611677795560
 71   0.1330078790234015
 72   0.1350349428970552
 73   0.1383550168536287
 74   0.1415788697291601
 75   0.1451837420603495
 76   0.1482409437796589
 77   0.1509571031118938
 78   0.1541738227922637
 79   0.1578011620963058
 80   0.1620910356548442
 81   0.1650579671239059
 82   0.1665261538313671
 83   0.1683949912157023
 84   0.1749148069946879
 85   0.1773782521203496
 86   0.1829135684254978
 87   0.1859337711351926
 88   0.1871395719380989
 89   0.1910297873903735
 90   0.1952481642125816
 91   0.2017701723349144
 92   0.2086534462419248
 93   0.2139858130693219
 94   0.2189470619238513
 95   0.2215229105275595
 96   0.2252226516200246
 97   0.2292300017915138
 98   0.2339507307102276
 99   0.2395407034201976
100   0.2458142845858588
101   0.2496920725917981
102   0.2548885738960812
103   0.2603040131901254
104   0.2667241163292486
105   0.2723323444261842
106   0.2783122429086206
107   0.2834266210169769
108   0.2886706042501208
109   0.2974687681374558
110   0.3022929166820721
111   0.3124458595585582
112   0.3166861818945854
113   0.3256785947935500
114   0.3314542601649739
115   0.3392922469495359
116   0.3465982002236351
117   0.3553433317436151
118   0.3629998057865774
119   0.3712838708318993
120   0.3792859502407741
121   0.3891982911879694
122   0.3974876270440261
123   0.4086829038844417
124   0.4178517419247280
125   0.4284210533272701
126   0.4387077594560578
127   0.4495479569149764
128   0.4606400782741501
129   0.4724203747071702
130   0.4848324998089852
131   0.4965753043277000
132   0.5088569017441172
133   0.5222231429893867
134   0.5365979095842557
135   0.5510179722549690
136   0.5651646966037273
137   0.5804322435437842
138   0.5970655318784684
139   0.6129251371482548
140   0.6323699229820775
141   0.6467829437778431
142   0.6647066462351988
143   0.6854320478121315
144   0.7052066202565208
145   0.7264268824432516
146   0.7478151311393592
147   0.7704202801573896
148   0.7943834684261983
149   0.8182001742829916
150   0.8446449140628943
151   0.8727856920804364
152   0.9009346111544640
153   0.9310499219123924
154   0.9614983835943470
155   0.9948366161767515
156   1.0280476886625012
157   1.0648027902904431
158   1.1018891289450006
159   1.1429168491305222
160   1.1833369013963102
161   1.2300303189821375
162   1.2764313347820164
163   1.3264786690044970
164   1.3803888889045659
165   1.4356358146378516
166   1.4941738714013528
167   1.5577493571555878
168   1.6254684644594042
169   1.6991001481384429
170   1.7755118336738969
171   1.8568575169447072
172   1.9448151139790109
173   2.0403152306865731
174   2.1439402525158560
175   2.2555049314853948
176   2.3772550570308804
177   2.5079751448658878
178   2.6522918010476109
179   2.8094404292104436
180   2.9830251882226420
181   3.1724719404699981
182   3.3844995723171749
183   3.6206007258537114
184   3.8833427100538560
185   4.1821926789956425
186   4.5213109208325939
187   4.9070578621299745
188   5.3535198997768845
189   5.8754521609470292
190   6.4930071223840446
191   7.2308282977079843
192   8.1302795915163557
193   9.2517388420979039
194  10.6835322445217056
195  12.5705641612023626
196  15.1800170197761020
197  19.0225775742220620
198  25.2105132749697134
199  36.7881794364759216
200  66.3798770976156192
201 303.1935249064351865
202 123.7494100749392771
203  52.4530264803081749
204  33.6746813003170686
205  25.0040561638848366
206  20.0331143128499463
207  16.8154341516856682
208  14.5596838412230305
209  12.8900447753439966
210  11.6101111107774368
211  10.6041745499891338
212   9.7854358559424526
213   9.1137578930726431
214   8.5479585780257992
215   8.0733820282750735
216   7.6647190863345678
217   7.3137477773916304
218   7.0082571459363798
219   6.7406365444718510
220   6.4995701180998795
221   6.2959535399780950
222   6.1088497299176101
223   5.9423503237799373
224   5.7971168299086715
225   5.6682765289969330
226   5.5525495769014759
227   5.4484715482575501
228   5.3551449397246955
229   5.2718021506071704
230   5.2006025358925827
231   5.1367932399363978
232   5.0820571947798721
233   5.0315962769816842
234   4.9889519338834649
235   4.9529646555990006
236   4.9240475626164226
237   4.8987708425292347
238   4.8813999317234815
239   4.8661369378221444
240   4.8584129559523221
241   4.8531621977095991
242   4.8589636756547607
243   4.8648877950369815
244   4.8731326289806027
245   4.8883834667450179
246   4.9078200645656933
247   4.9327591632154562
248   4.9612833143379715
249   4.9946432640169762
250   5.0325460461138087
251   5.0749993137660203
252   5.1220450000991606
253   5.1748516218043497
254   5.2331498492001653
255   5.2970248574259582
256   5.3651350043786792
257   5.4404764342470280
258   5.5218535988166684
259   5.6098418154911336
260   5.7030665383423687
261   5.8056676115771344
262   5.9149766296895647
263   6.0322971923987589
264   6.1595472591522986
265   6.2951377461720659
266   6.4423200020933775
267   6.6001983833231099
268   6.7687583911521179
269   6.9519066024803520
270   7.1501388443793878
271   7.3639058148701775
272   7.5936644408465188
273   7.8418668615725275
274   8.1136970349489292
275   8.4091210018268736
276   8.7301222082759740
277   9.0802179705346351
278   9.4678953253353129
279   9.8905020921477398
280  10.3588788450438969
281  10.8791389457168197
282  11.4587955679689220
283  12.1085252748759178
284  12.8383281132273073
285  13.6668327027133607
286  14.6180642744573248
287  15.7117404050683049
288  16.9818434752206642
289  18.4813828693357429
290  20.2821067908853898
291  22.4640606057139749
292  25.1615486982246885
293  28.5979985661062415
294  33.1321064473835420
295  39.3321441746583034
296  48.3129877002903001
297  62.5752341679991133
298  88.7349054203335470
299 151.5757102965163483
300 507.4076510289347084
301 379.4711974296811832
302 138.5050468870416580
303  85.0761218235644208
304  61.6170972950676088
305  48.3709370392572069
306  39.8704895900594423
307  33.9799818024828042
308  29.6690953946878508
309  26.3582564732055999
310  23.7402872797824607
311  21.6293205265917479
312  19.8939940648881972
313  18.4348965214594926
314  17.1931802572093986
315  16.1296020364378627
316  15.2109616727098587
317  14.4035449262225246
318  13.6907833953960605
319  13.0606010829233927
320  12.5015737694118538
321  12.0046264781742789
322  11.5468143987823311
323  11.1425995517424141
324  10.7769659788800052
325  10.4393700817488302
326  10.1329512990383179
327   9.8536041661677913
328   9.6023249798081540
329   9.3702690666241235
330   9.1575783074584578
331   8.9609581503918392
332   8.7831989269829904
333   8.6190093010198474
334   8.4703307235011618
335   8.3332083399366290
336   8.2089532985819620
337   8.0935816437329979
338   7.9912287814930849
339   7.8961914175554249
340   7.8138094782349583
341   7.7362915331025883
342   7.6683789326660232
343   7.6090593885469220
344   7.5575622616545512
345   7.5139419189552674
346   7.4760671982458158
347   7.4450490400520879
348   7.4222857037623342
349   7.4062071262190265
350   7.3965972229341670
351   7.3929287390783429
