 0.0000000000     1.9433524608612061
 0.0030015009     1.5654186010360718
 0.0060030017     1.5408273339271545
 0.0090045026     1.1445302963256836
 0.0120060034     1.5780974030494690
 0.0150075043     1.8188003897666931
 0.0180090051     1.7496920228004456
 0.0210105069     1.2129883617162704
 0.0240120068     1.8151519298553467
 0.0270135067     1.1121445745229721
 0.0300150067     1.9415245056152344
 0.0330165066     1.0710974410176277
 0.0360180065     1.2497894763946533
 0.0390195064     1.8938117623329163
 0.0420210063     1.9296681284904480
 0.0450225063     1.6194474101066589
 0.0480240062     1.2594803571701050
 0.0510255061     1.0283718109130859
 0.0540270060     1.3602145910263062
 0.0570285060     1.3503719866275787
 0.0600300059     1.2763088047504425
 0.0630315095     1.6483626365661621
 0.0660330132     1.9701157212257385
 0.0690345168     1.6555296182632446
 0.0720360205     1.0456613227725029
 0.0750375241     1.3036727309226990
 0.0780390278     1.4182892739772797
 0.0810405314     1.1501051932573318
 0.0840420350     1.1502342075109482
 0.0870435387     1.3209613859653473
 0.0900450423     1.8723239898681641
 0.0930465460     1.5073673725128174
 0.0960480496     1.9305814504623413
 0.0990495533     1.5761156678199768
 0.1020510569     1.2698405086994171
 0.1050525606     1.6059806942939758
 0.1080540642     1.4026045799255371
 0.1110555679     1.6431770920753479
 0.1140570715     1.1605566442012787
 0.1170585752     1.8608328104019165
 0.1200600788     1.5954081416130066
 0.1230615824     1.4219631850719452
 0.1260630786     1.6275402903556824
 0.1290645748     1.0383024290204048
 0.1320660710     1.3718561232089996
 0.1350675672     1.2047805190086365
 0.1380690634     1.5922187566757202
 0.1410705596     1.3478637039661407
 0.1440720558     1.2403778731822968
 0.1470735520     1.3779773414134979
 0.1500750482     1.4581349790096283
 0.1530765444     1.1943755596876144
 0.1560780406     1.1405502408742905
 0.1590795368     1.2448351681232452
 0.1620810330     1.9175465106964111
 0.1650825292     1.5343662500381470
 0.1680840254     1.6348794102668762
 0.1710855216     1.5264485478401184
 0.1740870178     1.9126628637313843
 0.1770885140     1.7455656528472900
 0.1800900102     1.1052685305476189
 0.1830915064     1.0589289143681526
 0.1860930026     1.3638461232185364
 0.1890944988     1.6151456236839294
 0.1920959949     1.1119230091571808
 0.1950974911     1.5018445849418640
 0.1980989873     1.2799108028411865
 0.2011004835     1.6156392097473145
 0.2041019797     1.2868981361389160
 0.2071034759     1.7800215482711792
 0.2101049721     1.9216359257698059
 0.2131064683     1.7899035811424255
 0.2161079645     1.3710980415344238
 0.2191094607     1.0623747631907463
 0.2221109569     1.9604130983352661
 0.2251124531     1.8711693286895752
 0.2281139493     1.1146973818540573
 0.2311154455     1.0088837891817093
 0.2341169417     1.2556369602680206
 0.2371184379     1.6782624721527100
 0.2401199341     1.0544437691569328
 0.2431214303     1.9457176923751831
 0.2461229265     1.2998756766319275
 0.2491244227     1.9471967220306396
 0.2521259189     1.2912251949310303
 0.2551274300     1.8215168118476868
 0.2581289411     1.8799164891242981
 0.2611304522     1.6663224697113037
 0.2641319633     1.4642841815948486
 0.2671334743     1.4874145388603210
 0.2701349854     1.0492797493934631
 0.2731364965     1.2998795807361603
 0.2761380076     1.8770298361778259
 0.2791395187     1.7888914346694946
 0.2821410298     0.9722847985103726
 0.2851425409     1.6793170571327209
 0.2881440520     1.3796000480651855
 0.2911455631     1.7017928361892700
 0.2941470742     1.6532501578330994
 0.2971485853     1.2435249984264374
 0.3001500964     1.6143304705619812
 0.3031516075     1.3947422206401825
 0.3061531186     1.6953917145729065
 0.3091546297     1.8069183826446533
 0.3121561408     1.1817163676023483
 0.3151576519     1.3441813886165619
 0.3181591630     1.3947355151176453
 0.3211606741     1.8095895648002625
 0.3241621852     1.7593370676040649
 0.3271636963     0.9583986308425665
 0.3301652074     1.2137039303779602
 0.3331667185     1.8235637545585632
 0.3361682296     1.5436659455299377
 0.3391697407     1.1831593662500381
 0.3421712518     1.1693211942911148
 0.3451727629     1.5941916108131409
 0.3481742740     1.3311107456684113
 0.3511757851     1.3810567557811737
 0.3541772962     0.9613843746483326
 0.3571788073     1.0000564306974411
 0.3601803184     1.1919762194156647
 0.3631818295     1.2102695703506470
 0.3661833405     1.5140950083732605
 0.3691848516     1.1453586965799332
 0.3721863627     0.9550892971456051
 0.3751878738     0.9455875568091869
 0.3781893849     1.1741537451744080
 0.3811908960     1.5880824327468872
 0.3841924071     1.0382805168628693
 0.3871939182     1.6516758799552917
 0.3901954293     1.3638819754123688
 0.3931969404     1.1728050261735916
 0.3961984515     1.0073048472404480
 0.3991999626     1.8611057996749878
 0.4022014737     1.7985022664070129
 0.4052029848     1.3765762150287628
 0.4082044959     1.4996498227119446
 0.4112060070     1.6962971687316895
 0.4142075181     1.7721821665763855
 0.4172090292     0.9301584772765636
 0.4202105403     1.1135254055261612
 0.4232120514     1.3244796097278595
 0.4262135625     1.5985932350158691
 0.4292150736     1.0387950241565704
 0.4322165847     1.1144956648349762
 0.4352180958     1.7520455121994019
 0.4382196069     1.8075481653213501
 0.4412211180     1.2560553848743439
 0.4442226291     1.8224772214889526
 0.4472241402     1.6405583620071411
 0.4502256513     1.6968885064125061
 0.4532271624     1.6622908711433411
 0.4562286735     1.8425078988075256
 0.4592301846     1.7333987355232239
 0.4622316957     0.9513448365032673
 0.4652332067     1.8418982028961182
 0.4682347178     1.5481641292572021
 0.4712362289     0.9060666877776384
 0.4742377400     1.8010287284851074
 0.4772392511     1.4823859930038452
 0.4802407622     1.6346940994262695
 0.4832422733     1.4395344257354736
 0.4862437844     1.0151817500591278
 0.4892452955     1.5994526743888855
 0.4922468066     1.8368054032325745
 0.4952483177     1.3744593262672424
 0.4982498288     1.1287085711956024
 0.5012513399     1.5430552959442139
 0.5042528510     0.9010261222720146
 0.5072543621     1.3210191130638123
 0.5102558732     0.9955484345555305
 0.5132573843     1.7702723145484924
 0.5162588954     1.4151422977447510
 0.5192604065     1.2646966278553009
 0.5222619176     1.8113132119178772
 0.5252634287     1.6250425577163696
 0.5282649398     1.6147903800010681
 0.5312664509     1.5692104697227478
 0.5342679620     1.5949689745903015
 0.5372694731     1.5760896801948547
 0.5402709842     1.2154182791709900
 0.5432724953     1.5824123024940491
 0.5462740064     1.4620906114578247
 0.5492755175     1.4941698908805847
 0.5522770286     1.4486243128776550
 0.5552785397     1.7396071553230286
 0.5582800508     0.9680287390947342
 0.5612815619     1.6695729494094849
 0.5642830729     1.8427834510803223
 0.5672845840     1.1886796355247498
 0.5702860951     1.6136686205863953
 0.5732876062     1.2906087040901184
 0.5762891173     1.2652302682399750
 0.5792906284     0.9901174902915955
 0.5822921395     1.1533361077308655
 0.5852936506     1.3739803433418274
 0.5882951617     0.9502811655402184
 0.5912966728     1.7886024117469788
 0.5942981839     0.9762096852064133
 0.5972996950     0.9080719575285912
 0.6003012061     1.1366416811943054
 0.6033027172     1.0892523527145386
 0.6063042283     1.5831467509269714
 0.6093057394     1.7407667636871338
 0.6123072505     0.9516065120697021
 0.6153087616     1.4926421046257019
 0.6183102727     1.2731875479221344
 0.6213117838     1.7863923907279968
 0.6243132949     0.8593289218842983
 0.6273148060     1.0901309549808502
 0.6303163171     1.0012977272272110
 0.6333178282     1.1499687731266022
 0.6363193393     1.2204923629760742
 0.6393208504     1.3846878409385681
 0.6423223615     1.5357396602630615
 0.6453238726     1.5760274529457092
 0.6483253837     1.2741587162017822
 0.6513268948     1.0839301645755768
 0.6543284059     1.2208952307701111
 0.6573299170     1.6694168448448181
 0.6603314281     1.6076362729072571
 0.6633329391     1.0948841571807861
 0.6663344502     1.0763217210769653
 0.6693359613     1.4325550198554993
 0.6723374724     0.8926079869270325
 0.6753389835     1.1747652888298035
 0.6783404946     1.5972151160240173
 0.6813420057     1.4158797860145569
 0.6843435168     1.2642363905906677
 0.6873450279     1.7048592567443848
 0.6903465390     1.7689660191535950
 0.6933480501     1.3622592687606812
 0.6963495612     1.6484801173210144
 0.6993510723     1.5778048634529114
 0.7023525834     1.1109724044799805
 0.7053540945     1.0738335847854614
 0.7083556056     1.1084027290344238
 0.7113571167     0.8881376683712006
 0.7143586278     0.8974368870258331
 0.7173601389     1.5322392582893372
 0.7203616500     1.1591875851154327
 0.7233631611     0.9915704131126404
 0.7263646722     1.6812047958374023
 0.7293661833     1.0837927758693695
 0.7323676944     0.7945166192948818
 0.7353692055     0.8565109968185425
 0.7383707166     1.4237363338470459
 0.7413722277     1.3131923079490662
 0.7443737388     0.9242680817842484
 0.7473752499     1.1630614399909973
 0.7503767610     1.2741814851760864
 0.7533782721     0.7879414111375809
 0.7563797832     1.4525086283683777
 0.7593812943     1.0501160323619843
 0.7623828053     0.7474645897746086
 0.7653843164     1.3643119931221008
 0.7683858275     1.4278936982154846
 0.7713873386     1.1126370728015900
 0.7743888497     1.2047567963600159
 0.7773903608     1.0757836997509003
 0.7803918719     0.8823254257440567
 0.7833933830     1.2389229536056519
 0.7863948941     1.6434671282768250
 0.7893964052     0.7935994714498520
 0.7923979163     1.5349573493003845
 0.7953994274     1.6309080123901367
 0.7984009385     1.5778844356536865
 0.8014024496     0.6972458641976118
 0.8044039607     1.3144440650939941
 0.8074054718     1.3140949010848999
 0.8104069829     0.9871800541877747
 0.8134084940     1.3079836964607239
 0.8164100051     0.9468980133533478
 0.8194115162     1.4057737588882446
 0.8224130273     1.5229766964912415
 0.8254145384     1.0448516607284546
 0.8284160495     0.7897357344627380
 0.8314175606     0.6996688172221184
 0.8344190717     0.9845054149627686
 0.8374205828     1.5300058126449585
 0.8404220939     0.8720292747020721
 0.8434236050     1.4663528800010681
 0.8464251161     1.1328564882278442
 0.8494266272     1.2902874350547791
 0.8524281383     1.2880585193634033
 0.8554296494     1.6329433917999268
 0.8584311604     0.7954168766736984
 0.8614326715     1.0574841797351837
 0.8644341826     1.1022615134716034
 0.8674356937     1.6211056709289551
 0.8704372048     1.1062186956405640
 0.8734387159     1.6350148320198059
 0.8764402270     1.0714319050312042
 0.8794417381     1.5614302158355713
 0.8824432492     0.7473601177334785
 0.8854447603     1.5219713449478149
 0.8884462714     0.8088284879922867
 0.8914477825     0.9965264499187469
 0.8944492936     0.9428507387638092
 0.8974508047     0.8171816766262054
 0.9004523158     0.7715440094470978
 0.9034538269     1.1922052502632141
 0.9064553380     1.5969697237014771
 0.9094568491     0.9162451624870300
 0.9124583602     0.8660796880722046
 0.9154598713     0.7998979091644287
 0.9184613824     0.8757134675979614
 0.9214628935     1.5688884854316711
 0.9244644046     1.0861808955669403
 0.9274659157     0.8366274982690811
 0.9304674268     1.4365223050117493
 0.9334689379     1.0096113979816437
 0.9364704490     0.9044019877910614
 0.9394719601     0.9104873239994049
 0.9424734712     1.4832300543785095
 0.9454749823     1.4320219755172729
 0.9484764934     0.9084743857383728
 0.9514780045     1.3348734378814697
 0.9544795156     0.8940247893333435
 0.9574810266     0.7877500206232071
 0.9604825377     1.1518613696098328
 0.9634840488     0.7714777439832687
 0.9664855599     1.1265574693679810
 0.9694870710     1.2794459462165833
 0.9724885821     0.7048574388027191
 0.9754900932     1.3348286151885986
 0.9784916043     1.5102155804634094
 0.9814931154     0.6971987485885620
 0.9844946265     0.8859429657459259
 0.9874961376     1.3231086134910583
 0.9904976487     0.5548791149631143
 0.9934991598     1.3937099575996399
 0.9965006709     0.8820725381374359
 0.9995021820     1.1524662971496582
 1.0025036335     1.0907176733016968
 1.0055050850     1.4112005829811096
 1.0085065365     0.6681959778070450
 1.0115079880     0.5480910241603851
 1.0145094395     0.6538792997598648
 1.0175108910     1.0789662599563599
 1.0205123425     0.6020004823803902
 1.0235137939     1.3648487925529480
 1.0265152454     1.4236567020416260
 1.0295166969     0.9707717597484589
 1.0325181484     0.8192719817161560
 1.0355195999     1.0532777309417725
 1.0385210514     1.2484065890312195
 1.0415225029     1.0407285094261169
 1.0445239544     1.1583723425865173
 1.0475254059     1.1115227341651917
 1.0505268574     1.0181638896465302
 1.0535283089     1.0954099297523499
 1.0565297604     0.6574361622333527
 1.0595312119     1.2584845721721649
 1.0625326633     0.7143287509679794
 1.0655341148     1.2275442779064178
 1.0685355663     1.3277223408222198
 1.0715370178     0.9030331373214722
 1.0745384693     0.8218257129192352
 1.0775399208     1.1574340462684631
 1.0805413723     0.8141185939311981
 1.0835428238     1.3468924164772034
 1.0865442753     0.7887871265411377
 1.0895457268     0.6092040687799454
 1.0925471783     1.2788208723068237
 1.0955486298     0.8759320974349976
 1.0985500813     0.7555745244026184
 1.1015515327     0.8988493680953979
 1.1045529842     1.0415110290050507
 1.1075544357     0.7790946364402771
 1.1105558872     1.1925159394741058
 1.1135573387     1.1614722013473511
 1.1165587902     0.5480364412069321
 1.1195602417     0.4841727204620838
 1.1225616932     1.0030463337898254
 1.1255631447     1.0231357216835022
 1.1285645962     1.4200049340724945
 1.1315660477     0.5438823625445366
 1.1345674992     1.2664766609668732
 1.1375689507     0.8354739844799042
 1.1405704021     1.3099940121173859
 1.1435718536     0.4543564990162849
 1.1465733051     0.7421065568923950
 1.1495747566     0.6721522212028503
 1.1525762081     1.0334975719451904
 1.1555776596     0.8400604426860809
 1.1585791111     0.9181691408157349
 1.1615805626     0.9611637592315674
 1.1645820141     1.1843908131122589
 1.1675834656     0.5811751931905746
 1.1705849171     0.9365980923175812
 1.1735863686     0.9012733101844788
 1.1765878201     1.2567053139209747
 1.1795892715     0.9971771240234375
 1.1825907230     1.1625519096851349
 1.1855921745     0.9868367910385132
 1.1885936260     1.2238217890262604
 1.1915950775     1.0711976885795593
 1.1945965290     1.2609607875347137
 1.1975979805     0.9839253425598145
 1.2005994320     1.0351917743682861
 1.2036008835     0.7015441656112671
 1.2066023350     1.3415561020374298
 1.2096037865     0.6596246063709259
 1.2126052380     0.5976160466670990
 1.2156066895     0.9913423359394073
 1.2186081409     1.3127975761890411
 1.2216095924     1.1914930045604706
 1.2246110439     0.7599877417087555
 1.2276124954     0.7811714410781860
 1.2306139469     0.6977463662624359
 1.2336153984     1.1907109022140503
 1.2366168499     0.7318616509437561
 1.2396183014     0.4142656475305557
 1.2426197529     0.6736733317375183
 1.2456212044     0.6193475425243378
 1.2486226559     0.4768011569976807
 1.2516241074     0.9768263399600983
 1.2546255589     1.1880043148994446
 1.2576270103     0.5901923775672913
 1.2606284618     0.3763856366276741
 1.2636299133     0.6119053661823273
 1.2666313648     0.4166034609079361
 1.2696328163     1.1636058390140533
 1.2726342678     1.0112866461277008
 1.2756357193     0.8339194953441620
 1.2786371708     0.6953271329402924
 1.2816386223     0.3805766701698303
 1.2846400738     0.8653146326541901
 1.2876415253     0.5766623616218567
 1.2906429768     1.0928705334663391
 1.2936444283     1.1503743827342987
 1.2966458797     1.2093621790409088
 1.2996473312     1.0191555321216583
 1.3026487827     1.0833972096443176
 1.3056502342     0.7382030189037323
 1.3086516857     0.6280510425567627
 1.3116531372     0.3561471030116081
 1.3146545887     0.2688476666808128
 1.3176560402     0.3359588757157326
 1.3206574917     1.0686214864253998
 1.3236589432     0.7412382662296295
 1.3266603947     1.0523191392421722
 1.3296618462     0.7693242728710175
 1.3326632977     0.9589548408985138
 1.3356647491     0.3549655973911285
 1.3386662006     1.0342980027198792
 1.3416676521     1.0336468964815140
 1.3446691036     0.6455691307783127
 1.3476705551     0.8876111060380936
 1.3506720066     0.7362015247344971
 1.3536734581     0.3813269287347794
 1.3566749096     0.6607016772031784
 1.3596763611     0.8836363404989243
 1.3626778126     0.7809719443321228
 1.3656792641     0.7774718999862671
 1.3686807156     0.6243776232004166
 1.3716821671     0.4974788278341293
 1.3746836185     0.9393822699785233
 1.3776850700     1.1225318908691406
 1.3806865215     1.0813158452510834
 1.3836879730     0.7699491083621979
 1.3866894245     1.0979719460010529
 1.3896908760     0.4792818576097488
 1.3926923275     1.1611401885747910
 1.3956937790     0.6955062150955200
 1.3986952305     0.7025671005249023
 1.4016966820     0.2415745034813881
 1.4046981335     0.4446899890899658
 1.4076995850     0.8830740004777908
 1.4107010365     1.0392527729272842
 1.4137024879     0.9357468038797379
 1.4167039394     0.6611519753932953
 1.4197053909     0.8263267129659653
 1.4227068424     0.1707667838782072
 1.4257082939     0.9001334458589554
 1.4287097454     0.4840804785490036
 1.4317111969     0.5806201249361038
 1.4347126484     1.0966805219650269
 1.4377140999     0.3577280640602112
 1.4407155514     0.9547927826642990
 1.4437170029     0.4936355650424957
 1.4467184544     0.6568678617477417
 1.4497199059     0.7824865505099297
 1.4527213573     0.3161882758140564
 1.4557228088     0.4767978042364120
 1.4587242603     0.1558862626552582
 1.4617257118     0.3814061433076859
 1.4647271633     0.4474590569734573
 1.4677286148     0.9297136887907982
 1.4707300663     0.9316879436373711
 1.4737315178     0.3635180816054344
 1.4767329693     0.4135796204209328
 1.4797344208     0.1529639139771461
 1.4827358723     0.2321016788482666
 1.4857373238     0.5908011272549629
 1.4887387753     0.7094747871160507
 1.4917402267     0.5806842520833015
 1.4947416782     0.1425990015268326
 1.4977431297     0.7736393436789513
 1.5007445812     0.1997482627630234
 1.5037460327     0.4124857559800148
 1.5067474842     1.0031727999448776
 1.5097489357     0.6267298609018326
 1.5127503872     0.9471321403980255
 1.5157518387     0.7077519297599792
 1.5187532902     0.2346834801137447
 1.5217547417     0.4195965826511383
 1.5247561932     0.0552492076531053
 1.5277576447     0.3592150136828423
 1.5307590961     0.8283800370991230
 1.5337605476     0.6499428302049637
 1.5367619991     0.0798760801553726
 1.5397634506     0.1753176283091307
 1.5427649021     0.0376384183764458
 1.5457663536     0.9413718227297068
 1.5487678051     0.8865597471594810
 1.5517692566     0.8925525546073914
 1.5547707081     0.0194839104078710
 1.5577721596     0.9813578184694052
 1.5607736111     0.4604728491976857
 1.5637750626     0.6932268915697932
 1.5667765141     0.8396515897475183
 1.5697779655     0.7828626193804666
 1.5727794170     0.4024295979179442
 1.5757808685     0.3995380764827132
 1.5787823200     0.7022961191833019
 1.5817837715     0.0136879999190569
 1.5847852230     0.0837037218734622
 1.5877866745     0.6813772898167372
 1.5907881260     0.8461363669484854
 1.5937895775     0.7859468013048172
 1.5967910290     0.2214102074503899
 1.5997924805     0.3123826645314693
 1.6027939320     0.4693940207362175
 1.6057953835     0.3759905770421028
 1.6087968349     0.4971882514655590
 1.6117982864     0.6140384078025818
 1.6147997379     0.8547375500202179
 1.6178011894     0.3932711258530617
 1.6208026409     0.6762454435229301
 1.6238040924     0.8393372707068920
 1.6268055439     0.1324754655361176
 1.6298069954     0.8714191764593124
 1.6328084469     0.0647491030395031
 1.6358098984     0.9077051579952240
 1.6388113499     0.8274447843432426
 1.6418128014     0.1399430036544800
 1.6448142529     0.2702132686972618
 1.6478157043     0.0456558242440224
 1.6508171558     0.9002004638314247
 1.6538186073     0.0568976923823357
 1.6568200588     0.3887437060475349
 1.6598215103     0.2912314161658287
 1.6628229618     0.6000405326485634
 1.6658244133     0.4113660901784897
 1.6688258648     0.1556171551346779
 1.6718273163     0.1029123440384865
 1.6748287678     0.1522327288985252
 1.6778302193     0.0152840092778206
 1.6808316708     0.4383554086089134
 1.6838331223     0.5456459075212479
 1.6868345737     0.5449384599924088
 1.6898360252     0.3268720880150795
 1.6928374767    -0.0756293460726738
 1.6958389282     0.6067223474383354
 1.6988403797     0.1827226877212524
 1.7018418312     0.0148941576480865
 1.7048432827     0.4306011945009232
 1.7078447342     0.6349843293428421
 1.7108461857    -0.0370857939124107
 1.7138476372    -0.0421642586588860
 1.7168490887     0.2461163103580475
 1.7198505402     0.2064193338155746
 1.7228519917     0.2997438609600067
 1.7258534431     0.4083741903305054
 1.7288548946     0.2782893925905228
 1.7318563461     0.0638326555490494
 1.7348577976     0.0623063594102859
 1.7378592491     0.3562601804733276
 1.7408607006     0.7003114670515060
 1.7438621521     0.2253506481647491
 1.7468636036     0.1459324061870575
 1.7498650551     0.2252002209424973
 1.7528665066     0.1641538739204407
 1.7558679581    -0.0801327973604202
 1.7588694096     0.4047415256500244
 1.7618708611     0.1385742723941803
 1.7648723125     0.2632735669612885
 1.7678737640    -0.1742117907851934
 1.7708752155     0.0873891115188599
 1.7738766670    -0.1426506228744984
 1.7768781185     0.5557661205530167
 1.7798795700     0.6909134089946747
 1.7828810215     0.1528822928667068
 1.7858824730     0.5336208343505859
 1.7888839245     0.7522301375865936
 1.7918853760     0.7370499223470688
 1.7948868275     0.3724888116121292
 1.7978882790    -0.0499611049890518
 1.8008897305     0.0787232518196106
 1.8038911819    -0.0883622169494629
 1.8068926334     0.5411361306905746
 1.8098940849    -0.0320828109979630
 1.8128955364    -0.0741891413927078
 1.8158969879     0.1179666072130203
 1.8188984394     0.2708724290132523
 1.8218998909     0.6834328621625900
 1.8249013424    -0.2207540981471539
 1.8279027939     0.0524490773677826
 1.8309042454     0.0160892307758331
 1.8339056969    -0.0472370833158493
 1.8369071484     0.0789882242679596
 1.8399085999    -0.0630649775266647
 1.8429100513     0.6105847656726837
 1.8459115028    -0.0339739322662354
 1.8489129543    -0.0365458428859711
 1.8519144058     0.1864263415336609
 1.8549158573     0.5285877883434296
 1.8579173088     0.1386192142963409
 1.8609187603    -0.0251168608665466
 1.8639202118     0.1578958034515381
 1.8669216633     0.1260758638381958
 1.8699231148    -0.2177531197667122
 1.8729245663     0.3232777416706085
 1.8759260178    -0.1932015195488930
 1.8789274693     0.0897169709205627
 1.8819289207    -0.0299455225467682
 1.8849303722    -0.2674486637115479
 1.8879318237     0.0753996074199677
 1.8909332752     0.4268910884857178
 1.8939347267    -0.1398929357528687
 1.8969361782     0.0774075686931610
 1.8999376297    -0.2958548329770565
 1.9029390812     0.1264335215091705
 1.9059405327     0.4396377205848694
 1.9089419842     0.0091338753700256
 1.9119434357    -0.0928317755460739
 1.9149448872     0.5273623764514923
 1.9179463387     0.3753824532032013
 1.9209477901     0.4670360982418060
 1.9239492416    -0.1578172445297241
 1.9269506931     0.5599961280822754
 1.9299521446    -0.0081232190132141
 1.9329535961     0.0149513781070709
 1.9359550476     0.4087030887603760
 1.9389564991     0.6044963896274567
 1.9419579506    -0.0096138119697571
 1.9449594021     0.3711964190006256
 1.9479608536     0.3962572813034058
 1.9509623051    -0.1141892075538635
 1.9539637566    -0.2581244632601738
 1.9569652081     0.2977107465267181
 1.9599666595     0.3124482333660126
 1.9629681110    -0.1669620722532272
 1.9659695625     0.1826101243495941
 1.9689710140     0.1797379553318024
 1.9719724655     0.1668883562088013
 1.9749739170     0.3665698170661926
 1.9779753685     0.4829654097557068
 1.9809768200     0.1342750787734985
 1.9839782715     0.4530681669712067
 1.9869797230    -0.3132314905524254
 1.9899811745     0.2375521957874298
 1.9929826260     0.5431779026985168
 1.9959840775    -0.3518692217767239
 1.9989855289    -0.1014104783535004
 2.0019869804    -0.3169739246368408
 2.0049884319    -0.0704309642314911
 2.0079898834     0.3325470387935638
 2.0109913349    -0.1719453334808350
 2.0139927864    -0.3609216660261154
 2.0169942379     0.5371984243392944
 2.0199956894     0.4807047843933105
 2.0229971409     0.0782059133052826
 2.0259985924     0.4683311581611633
 2.0290000439     0.4255544841289520
 2.0320014954    -0.4159628953784704
 2.0350029469     0.5384447276592255
 2.0380043983     0.3951146900653839
 2.0410058498     0.1592518687248230
 2.0440073013     0.0810431540012360
 2.0470087528    -0.0747970938682556
 2.0500102043     0.2216209769248962
 2.0530116558     0.2789402604103088
 2.0560131073    -0.4020991921424866
 2.0590145588     0.4008993506431580
 2.0620160103    -0.0007200539112091
 2.0650174618     0.2811414897441864
 2.0680189133    -0.3339567631483078
 2.0710203648    -0.3013528734445572
 2.0740218163    -0.2470202893018723
 2.0770232677     0.4658123850822449
 2.0800247192     0.4268236458301544
 2.0830261707     0.0037234425544739
 2.0860276222    -0.0735125541687012
 2.0890290737    -0.1535893082618713
 2.0920305252     0.4255649745464325
 2.0950319767    -0.4703867025673389
 2.0980334282    -0.4199909642338753
 2.1010348797    -0.4544140584766865
 2.1040363312     0.0052852630615234
 2.1070377827     0.0271968245506287
 2.1100392342     0.3740782141685486
 2.1130406857     0.1209248304367065
 2.1160421371     0.3613143563270569
 2.1190435886     0.1915410161018372
 2.1220450401    -0.1791771054267883
 2.1250464916     0.4179666042327881
 2.1280479431     0.4458435773849487
 2.1310493946     0.1736658811569214
 2.1340508461    -0.2700386345386505
 2.1370522976     0.2844192385673523
 2.1400537491    -0.0949594080448151
 2.1430552006     0.0657927989959717
 2.1460566521    -0.3496255129575729
 2.1490581036    -0.3247309178113937
 2.1520595551    -0.1948953568935394
 2.1550610065     0.3011634349822998
 2.1580624580    -0.4762122631072998
 2.1610639095    -0.4514021128416061
 2.1640653610    -0.3556602448225021
 2.1670668125    -0.5568266971968114
 2.1700682640    -0.0609639883041382
 2.1730697155    -0.5145248509943485
 2.1760711670     0.1581355929374695
 2.1790726185     0.4150708317756653
 2.1820740700    -0.0446748733520508
 2.1850755215     0.3391832113265991
 2.1880769730     0.0728623270988464
 2.1910784245    -0.2318012416362762
 2.1940798759     0.3690732717514038
 2.1970813274    -0.0546133518218994
 2.2000827789    -0.3187572062015533
 2.2030842304    -0.5519271567463875
 2.2060856819     0.1015234589576721
 2.2090871334    -0.4420311748981476
 2.2120885849     0.1184170842170715
 2.2150900364    -0.2599103152751923
 2.2180914879    -0.5339588001370430
 2.2210929394    -0.4251216500997543
 2.2240943909    -0.3058585226535797
 2.2270958424    -0.1754052937030792
 2.2300972939    -0.1531108915805817
 2.2330987453    -0.3330757319927216
 2.2361001968    -0.0294776558876038
 2.2391016483     0.0689333677291870
 2.2421030998     0.3122080564498901
 2.2451045513     0.0037806630134583
 2.2481060028     0.2121781706809998
 2.2511074543    -0.1976903676986694
 2.2541089058    -0.1977684497833252
 2.2571103573    -0.4767217934131622
 2.2601118088    -0.6210058405995369
 2.2631132603    -0.4161275774240494
 2.2661147118    -0.0736284852027893
 2.2691161633     0.0832362771034241
 2.2721176147     0.2104581594467163
 2.2751190662     0.1672529578208923
 2.2781205177     0.1517306566238403
 2.2811219692     0.1407755613327026
 2.2841234207     0.3107177615165710
 2.2871248722     0.2887522578239441
 2.2901263237    -0.5919711142778397
 2.2931277752     0.1378342509269714
 2.2961292267    -0.5863008201122284
 2.2991306782     0.2433814406394958
 2.3021321297     0.1055638790130615
 2.3051335812    -0.5124097764492035
 2.3081350327    -0.0304836630821228
 2.3111364841    -0.5800552442669868
 2.3141379356     0.1530416011810303
 2.3171393871     0.2789297699928284
 2.3201408386    -0.4577473551034927
 2.3231422901    -0.3791899681091309
 2.3261437416    -0.4114194214344025
 2.3291451931    -0.5350250154733658
 2.3321466446     0.2278305292129517
 2.3351480961     0.0581473708152771
 2.3381495476     0.0104520916938782
 2.3411509991     0.1397407650947571
 2.3441524506     0.1600277423858643
 2.3471539021     0.2558810710906982
 2.3501553535    -0.2862251400947571
 2.3531568050    -0.0822936892509460
 2.3561582565    -0.1952223777770996
 2.3591597080     0.2247186899185181
 2.3621611595    -0.5033333599567413
 2.3651626110    -0.3164794445037842
 2.3681640625    -0.0143013596534729
 2.3711655140    -0.2085421085357666
 2.3741669655    -0.3444380760192871
 2.3771684170    -0.4376485347747803
 2.3801698685    -0.3672592937946320
 2.3831713200    -0.4901528060436249
 2.3861727715     0.1203938126564026
 2.3891742229    -0.6998196300119162
 2.3921756744    -0.0502554178237915
 2.3951771259    -0.0813568830490112
 2.3981785774     0.1521500349044800
 2.4011800289    -0.0203421711921692
 2.4041814804    -0.4939422458410263
 2.4071829319    -0.0707211494445801
 2.4101843834    -0.5092598348855972
 2.4131858349    -0.2837444245815277
 2.4161872864     0.1781314015388489
 2.4191887379    -0.3314247131347656
 2.4221901894    -0.1598483920097351
 2.4251916409    -0.3694950044155121
 2.4281930923     0.0827021002769470
 2.4311945438     0.0635747909545898
 2.4341959953    -0.5851749479770660
 2.4371974468    -0.0664544701576233
 2.4401988983     0.0758970379829407
 2.4432003498     0.1805441975593567
 2.4462018013    -0.0750522017478943
 2.4492032528     0.0227006673812866
 2.4522047043    -0.6946360021829605
 2.4552061558     0.0678156614303589
 2.4582076073    -0.6440733969211578
 2.4612090588    -0.5898093134164810
 2.4642105103     0.1026983261108398
 2.4672119617     0.1136502027511597
 2.4702134132    -0.5936602205038071
 2.4732148647     0.1179672479629517
 2.4762163162     0.0427840948104858
 2.4792177677    -0.5098826885223389
 2.4822192192    -0.0165076851844788
 2.4852206707    -0.3830084800720215
 2.4882221222    -0.1585171222686768
 2.4912235737    -0.4955578744411469
 2.4942250252     0.1063060760498047
 2.4972264767    -0.7706780508160591
 2.5002279282    -0.4696827530860901
 2.5032293797    -0.2706836462020874
 2.5062308311     0.1217841506004333
 2.5092322826     0.0882211923599243
 2.5122337341    -0.2220135331153870
 2.5152351856    -0.1061388254165649
 2.5182366371    -0.6138029843568802
 2.5212380886    -0.3177276849746704
 2.5242395401    -0.0697678923606873
 2.5272409916    -0.7555902563035488
 2.5302424431    -0.3981138467788696
 2.5332438946    -0.3182362914085388
 2.5362453461    -0.5705626606941223
 2.5392467976     0.0054807662963867
 2.5422482491    -0.5373229980468750
 2.5452497005    -0.3108785152435303
 2.5482511520    -0.0594905614852905
 2.5512526035    -0.1250515580177307
 2.5542540550     0.0059722661972046
 2.5572555065     0.1241424679756165
 2.5602569580    -0.5779298543930054
 2.5632584095    -0.5709713697433472
 2.5662598610    -0.2987645268440247
 2.5692613125    -0.5911643058061600
 2.5722627640    -0.3720450103282928
 2.5752642155     0.0184847116470337
 2.5782656670    -0.8013626597821712
 2.5812671185    -0.1053307652473450
 2.5842685699    -0.7689488828182220
 2.5872700214    -0.4650293290615082
 2.5902714729    -0.5187633931636810
 2.5932729244    -0.2396653890609741
 2.5962743759    -0.1953032016754150
 2.5992758274    -0.4557370543479919
 2.6022772789     0.1047105193138123
 2.6052787304     0.0580099225044250
 2.6082801819    -0.0088743567466736
 2.6112816334    -0.7372633814811707
 2.6142830849    -0.3367901444435120
 2.6172845364     0.0015174150466919
 2.6202859879    -0.8392868898808956
 2.6232874393     0.0383986830711365
 2.6262888908    -0.2390086650848389
 2.6292903423    -0.3827274739742279
 2.6322917938    -0.6250128746032715
 2.6352932453    -0.1552095413208008
 2.6382946968    -0.8287933953106403
 2.6412961483    -0.3291227221488953
 2.6442975998    -0.0370251536369324
 2.6472990513     0.1103799343109131
 2.6503005028    -0.5758962333202362
 2.6533019543    -0.2715443372726440
 2.6563034058    -0.7416880726814270
 2.6593048573    -0.2769978642463684
 2.6623063087    -0.8277752101421356
 2.6653077602    -0.3957940638065338
 2.6683092117    -0.6177423894405365
 2.6713106632    -0.0537239909172058
 2.6743121147    -0.4743556082248688
 2.6773135662    -0.3307630419731140
 2.6803150177     0.0961775779724121
 2.6833164692    -0.3728247880935669
 2.6863179207    -0.2974175214767456
 2.6893193722    -0.4130069613456726
 2.6923208237    -0.5206934511661530
 2.6953222752    -0.5369502007961273
 2.6983237267    -0.5397062599658966
 2.7013251781    -0.2421453595161438
 2.7043266296    -0.7375935316085815
 2.7073280811     0.0331835746765137
 2.7103295326    -0.6313141584396362
 2.7133309841    -0.8434002473950386
 2.7163324356    -0.0859744548797607
 2.7193338871    -0.4155603945255280
 2.7223353386    -0.2846368551254272
 2.7253367901    -0.2966029644012451
 2.7283382416    -0.1353297233581543
 2.7313396931     0.0697431564331055
 2.7343411446    -0.8755948916077614
 2.7373425961    -0.7031339108943939
 2.7403440475    -0.6536274850368500
 2.7433454990    -0.1432704329490662
 2.7463469505    -0.3159298896789551
 2.7493484020    -0.7738803625106812
 2.7523498535    -0.9184406334534287
 2.7553513050    -0.8067703694105148
 2.7583527565    -0.5913311839103699
 2.7613542080    -0.7490107864141464
 2.7643556595    -0.1290283203125000
 2.7673571110    -0.3856613636016846
 2.7703585625    -0.1556234359741211
 2.7733600140    -0.2363388538360596
 2.7763614655    -0.0946200489997864
 2.7793629169    -0.2371048927307129
 2.7823643684    -0.5790274739265442
 2.7853658199    -0.3892495632171631
 2.7883672714    -0.8905984312295914
 2.7913687229    -0.1776974201202393
 2.7943701744    -0.8213832080364227
 2.7973716259    -0.6709122061729431
 2.8003730774    -0.1906204819679260
 2.8033745289    -0.3402211666107178
 2.8063759804    -0.4370343089103699
 2.8093774319    -0.8375702127814293
 2.8123788834    -0.6493234634399414
 2.8153803349    -0.7460943758487701
 2.8183817863    -0.3399614691734314
 2.8213832378    -0.6772191524505615
 2.8243846893    -0.6343700289726257
 2.8273861408    -0.8659223616123199
 2.8303875923    -0.1448335051536560
 2.8333890438    -0.8948068581521511
 2.8363904953    -0.7039074301719666
 2.8393919468    -0.0537743568420410
 2.8423933983    -0.1530686020851135
 2.8453948498    -0.2743077278137207
 2.8483963013    -0.1128863096237183
 2.8513977528    -0.0591871738433838
 2.8543992043    -0.2855960130691528
 2.8574006557    -0.0152302980422974
 2.8604021072    -0.3639556765556335
 2.8634035587    -0.2736703753471375
 2.8664050102    -0.1190707683563232
 2.8694064617    -0.8636842370033264
 2.8724079132    -0.9390870165079832
 2.8754093647     0.0309104323387146
 2.8784108162    -0.8998495787382126
 2.8814122677    -0.7152280807495117
 2.8844137192    -0.3710976243019104
 2.8874151707    -0.7895268946886063
 2.8904166222    -0.1454817056655884
 2.8934180737    -0.2241693735122681
 2.8964195251    -0.7542598545551300
 2.8994209766    -0.3765384554862976
 2.9024224281    -0.4311186671257019
 2.9054238796    -0.5387959778308868
 2.9084253311    -0.1233458518981934
 2.9114267826    -0.2425498366355896
 2.9144282341    -0.0719293355941772
 2.9174296856    -0.2096548080444336
 2.9204311371    -0.9365843161940575
 2.9234325886    -0.5582241714000702
 2.9264340401    -0.1678261756896973
 2.9294354916    -0.1209701299667358
 2.9324369431    -0.6135827004909515
 2.9354383945    -0.2201344370841980
 2.9384398460    -0.2080540657043457
 2.9414412975    -0.6353126466274261
 2.9444427490    -0.8151621222496033
 2.9474442005    -0.7369986325502396
 2.9504456520    -0.5427940189838409
 2.9534471035    -0.3544112443923950
 2.9564485550    -0.6170666515827179
 2.9594500065    -0.3723829984664917
 2.9624514580    -0.7883273363113403
 2.9654529095    -0.8093359917402267
 2.9684543610    -0.3172166347503662
 2.9714558125    -0.0517358779907227
 2.9744572639    -0.2854736447334290
 2.9774587154    -0.7214845120906830
 2.9804601669    -0.5170091986656189
 2.9834616184    -0.8297876566648483
 2.9864630699    -0.9298667013645172
 2.9894645214    -0.2458138465881348
 2.9924659729    -0.1594465970993042
 2.9954674244    -0.3856139779090881
 2.9984688759    -0.4002246856689453
 3.0014703274    -0.7943232208490372
 3.0044717789    -0.8752967342734337
 3.0074732304    -0.5286242961883545
 3.0104746819    -0.7125249803066254
 3.0134761333    -0.6270981132984161
 3.0164775848    -0.2604497671127319
 3.0194790363    -0.4806886911392212
 3.0224804878    -0.7711430341005325
 3.0254819393    -0.8597430884838104
 3.0284833908    -0.6752060651779175
 3.0314848423    -0.3187117576599121
 3.0344862938    -0.8444789946079254
 3.0374877453    -0.4521057605743408
 3.0404891968    -0.9303566515445709
 3.0434906483    -0.7431769669055939
 3.0464920998    -0.9833567254245281
 3.0494935513    -0.7269300818443298
 3.0524950027    -0.2170764207839966
 3.0554964542    -0.9610432237386703
 3.0584979057    -0.3103156685829163
 3.0614993572    -0.7979205697774887
 3.0645008087    -0.1672099828720093
 3.0675022602    -0.7600366026163101
 3.0705037117    -0.1522195935249329
 3.0735051632    -0.7099878191947937
 3.0765066147    -0.6679257154464722
 3.0795080662    -0.6465971171855927
 3.0825095177    -0.8871614709496498
 3.0855109692    -0.3991787433624268
 3.0885124207    -0.6464932262897491
 3.0915138721    -0.8582091629505157
 3.0945153236    -0.1291448473930359
 3.0975167751    -0.4311513900756836
 3.1005182266    -0.9897880591452122
 3.1035196781    -0.7735704928636551
 3.1065211296    -0.0014568567276001
 3.1095225811    -0.0078691244125366
 3.1125240326    -0.6716577410697937
 3.1155254841    -0.9841864025220275
 3.1185269356    -0.0614718794822693
 3.1215283871    -0.1498875617980957
 3.1245298386    -0.9388682916760445
 3.1275312901    -0.1372705698013306
 3.1305327415    -0.9604918323457241
 3.1335341930    -0.8531656861305237
 3.1365356445    -0.7290821969509125
 3.1395370960    -0.1458755731582642
 3.1425385475    -0.6612601280212402
 3.1455399990    -0.7106417119503021
 3.1485414505    -0.7622601240873337
 3.1515429020    -0.2236511707305908
 3.1545443535    -0.2553701996803284
 3.1575458050    -0.0240750312805176
 3.1605472565    -0.2686509490013123
 3.1635487080    -0.7223863005638123
 3.1665501595    -0.9436237774789333
 3.1695516109    -0.6962141990661621
 3.1725530624    -0.8205340802669525
 3.1755545139    -0.1322541236877441
 3.1785559654    -0.8739687055349350
 3.1815574169    -0.3150408267974854
 3.1845588684    -0.8777513802051544
 3.1875603199    -0.4860500097274780
 3.1905617714    -0.1080739498138428
 3.1935632229    -0.7030326426029205
 3.1965646744    -0.2605781555175781
 3.1995661259    -0.2828047871589661
 3.2025675774    -0.3646457195281982
 3.2055690289    -0.5192240178585052
 3.2085704803    -0.2139780521392822
 3.2115719318    -0.1623624563217163
 3.2145733833    -0.5411659181118011
 3.2175748348    -0.1084375381469727
 3.2205762863    -0.6604234874248505
 3.2235777378    -0.7861489206552505
 3.2265791893    -0.3284907937049866
 3.2295806408    -0.7931822538375854
 3.2325820923    -0.4309654831886292
 3.2355835438    -0.8116508275270462
 3.2385849953    -0.2559589147567749
 3.2415864468    -0.2638417482376099
 3.2445878983    -0.0252307653427124
 3.2475893497    -0.7128112018108368
 3.2505908012    -0.0186582207679749
 3.2535922527    -0.1060212850570679
 3.2565937042    -0.1834310293197632
 3.2595951557    -0.2381920814514160
 3.2625966072    -0.4473666548728943
 3.2655980587    -0.7898968756198883
 3.2685995102    -0.7677061110734940
 3.2716009617    -0.7343946099281311
 3.2746024132    -0.3208990693092346
 3.2776038647    -0.4740915298461914
 3.2806053162    -0.6571886539459229
 3.2836067677    -0.8004532456398010
 3.2866082191    -0.6143023073673248
 3.2896096706    -0.6438332498073578
 3.2926111221    -0.2846183180809021
 3.2956125736    -0.2001273036003113
 3.2986140251    -0.7473524659872055
 3.3016154766    -0.2932147383689880
 3.3046169281    -0.4838173985481262
 3.3076183796    -0.3625854253768921
 3.3106198311    -0.1021585464477539
 3.3136212826    -0.1968993544578552
 3.3166227341    -0.0174395442008972
 3.3196241856    -0.3253826498985291
 3.3226256371    -0.4902510643005371
 3.3256270885    -0.7242141664028168
 3.3286285400    -0.6578429341316223
 3.3316299915    -0.5767803490161896
 3.3346314430    -0.7584967613220215
 3.3376328945    -0.9723204821348190
 3.3406343460    -0.4657127261161804
 3.3436357975    -0.4373536109924316
 3.3466372490    -0.3734345436096191
 3.3496387005    -0.2227155566215515
 3.3526401520    -0.5794729888439178
 3.3556416035    -0.7557473480701447
 3.3586430550    -0.2553007006645203
 3.3616445065    -0.1852567791938782
 3.3646459579    -0.5061191618442535
 3.3676474094    -0.6903354227542877
 3.3706488609    -0.2551496028900146
 3.3736503124    -0.0852472186088562
 3.3766517639    -0.8334773480892181
 3.3796532154    -0.1823155283927917
 3.3826546669    -0.9018629342317581
 3.3856561184    -0.5514035522937775
 3.3886575699    -0.3279567956924438
 3.3916590214    -0.5492111742496490
 3.3946604729    -0.3626936674118042
 3.3976619244    -0.0390065312385559
 3.4006633759    -0.8228275328874588
 3.4036648273    -0.5527051091194153
 3.4066662788    -0.7975740581750870
 3.4096677303    -0.6120601594448090
 3.4126691818    -0.8357904404401779
 3.4156706333    -0.1048714518547058
 3.4186720848    -0.9180865325033665
 3.4216735363    -0.0467366576194763
 3.4246749878    -0.9575847247615457
 3.4276764393    -0.7628738582134247
 3.4306778908    -0.5512906014919281
 3.4336793423    -0.3094730973243713
 3.4366807938    -0.0437918305397034
 3.4396822453    -0.2715852260589600
 3.4426836967    -0.4298153519630432
 3.4456851482    -0.1129967570304871
 3.4486865997    -0.1359389424324036
 3.4516880512    -0.1677991151809692
 3.4546895027    -0.0925354957580566
 3.4576909542    -0.4591371417045593
 3.4606924057    -0.5191547572612762
 3.4636938572    -0.8749076500535011
 3.4666953087    -0.0794374346733093
 3.4696967602    -0.0061304569244385
 3.4726982117    -0.8869450651109219
 3.4756996632    -0.5798782110214233
 3.4787011147    -0.4616758525371552
 3.4817025661    -0.4297134280204773
 3.4847040176    -0.6964486688375473
 3.4877054691    -0.8102734833955765
 3.4907069206    -0.1935942769050598
 3.4937083721    -0.8259840011596680
 3.4967098236    -0.6724766194820404
 3.4997112751    -0.8882117420434952
 3.5027127266    -0.2157194614410400
 3.5057141781    -0.3270718455314636
 3.5087156296    -0.8108012303709984
 3.5117170811    -0.7119890004396439
 3.5147185326    -0.1518761515617371
 3.5177199841    -0.5536082386970520
 3.5207214355    -0.5789531767368317
 3.5237228870    -0.4237536191940308
 3.5267243385    -0.6121135652065277
 3.5297257900    -0.1593531966209412
 3.5327272415    -0.5934334695339203
 3.5357286930    -0.1167564988136292
 3.5387301445    -0.8769134283065796
 3.5417315960    -0.2468213438987732
 3.5447330475    -0.3096590638160706
 3.5477344990    -0.1851503252983093
 3.5507359505    -0.0642470121383667
 3.5537374020    -0.3757377862930298
 3.5567388535    -0.1827980279922485
 3.5597403049    -0.0248827338218689
 3.5627417564     0.0735208988189697
 3.5657432079     0.0837810039520264
 3.5687446594    -0.0753754973411560
 3.5717461109    -0.5411710441112518
 3.5747475624    -0.1786386370658875
 3.5777490139     0.0121150612831116
 3.5807504654    -0.1264950037002563
 3.5837519169    -0.3749571442604065
 3.5867533684    -0.6899141967296600
 3.5897548199    -0.1705023050308228
 3.5927562714    -0.2204940915107727
 3.5957577229    -0.3477248549461365
 3.5987591743    -0.2700257301330566
 3.6017606258    -0.4100745022296906
 3.6047620773    -0.8504399172961712
 3.6077635288    -0.2666379213333130
 3.6107649803    -0.4839678406715393
 3.6137664318    -0.5318716764450073
 3.6167678833    -0.5959032475948334
 3.6197693348    -0.5542164444923401
 3.6227707863    -0.7641469910740852
 3.6257722378    -0.1826364994049072
 3.6287736893    -0.3351379632949829
 3.6317751408    -0.3662519454956055
 3.6347765923    -0.2845537662506104
 3.6377780437    -0.0338903069496155
 3.6407794952    -0.0385076403617859
 3.6437809467    -0.0868428945541382
 3.6467823982    -0.8233867324888706
 3.6497838497    -0.4589685499668121
 3.6527853012     0.0628899931907654
 3.6557867527     0.0087558627128601
 3.6587882042    -0.1685536503791809
 3.6617896557    -0.5219769775867462
 3.6647911072    -0.4439359903335571
 3.6677925587    -0.5283696651458740
 3.6707940102    -0.8047287501394749
 3.6737954617     0.1137676239013672
 3.6767969131    -0.4784117341041565
 3.6797983646    -0.2732714414596558
 3.6827998161    -0.0239107012748718
 3.6858012676    -0.5809681415557861
 3.6888027191    -0.1266431212425232
 3.6918041706    -0.5995416343212128
 3.6948056221    -0.4511040449142456
 3.6978070736    -0.1582804322242737
 3.7008085251    -0.5774106383323669
 3.7038099766    -0.0888512134552002
 3.7068114281     0.1177924275398254
 3.7098128796    -0.4031624794006348
 3.7128143311    -0.2002937197685242
 3.7158157825    -0.6676036417484283
 3.7188172340    -0.7010595947504044
 3.7218186855    -0.5297031402587891
 3.7248201370    -0.2260817289352417
 3.7278215885    -0.7240969091653824
 3.7308230400    -0.3847599625587463
 3.7338244915    -0.5823273360729218
 3.7368259430    -0.0518490672111511
 3.7398273945    -0.3894761204719543
 3.7428288460    -0.3996205925941467
 3.7458302975     0.1441875696182251
 3.7488317490     0.1744070649147034
 3.7518332005    -0.5886650234460831
 3.7548346519    -0.6890920400619507
 3.7578361034    -0.6079191118478775
 3.7608375549     0.1329843997955322
 3.7638390064    -0.6266531050205231
 3.7668404579    -0.3602681756019592
 3.7698419094    -0.3142145872116089
 3.7728433609    -0.2349103093147278
 3.7758448124    -0.4648730456829071
 3.7788462639    -0.6736492961645126
 3.7818477154    -0.5379655957221985
 3.7848491669    -0.3260472416877747
 3.7878506184    -0.5405309200286865
 3.7908520699     0.0416200160980225
 3.7938535213    -0.3690903484821320
 3.7968549728    -0.5385429561138153
 3.7998564243    -0.2963944971561432
 3.8028578758    -0.0056192278862000
 3.8058593273     0.2057875990867615
 3.8088607788    -0.1187003254890442
 3.8118622303     0.0374323129653931
 3.8148636818    -0.1153339743614197
 3.8178651333    -0.4641242325305939
 3.8208665848    -0.4272234737873077
 3.8238680363    -0.0382643342018127
 3.8268694878     0.2210348248481750
 3.8298709393    -0.6721779257059097
 3.8328723907     0.1934143900871277
 3.8358738422     0.0042314529418945
 3.8388752937    -0.5812716782093048
 3.8418767452    -0.2667248249053955
 3.8448781967     0.0261321663856506
 3.8478796482    -0.0062658786773682
 3.8508810997    -0.7571752150543034
 3.8538825512    -0.0968827009201050
 3.8568840027    -0.6427660435438156
 3.8598854542     0.1707535386085510
 3.8628869057    -0.6055102795362473
 3.8658883572    -0.1455980539321899
 3.8688898087    -0.5604934543371201
 3.8718912601    -0.1371674537658691
 3.8748927116    -0.2539150118827820
 3.8778941631    -0.5860008448362350
 3.8808956146     0.1647728085517883
 3.8838970661    -0.6945578679442406
 3.8868985176    -0.2205162644386292
 3.8898999691     0.1426455974578857
 3.8929014206    -0.0865950584411621
 3.8959028721    -0.4970555305480957
 3.8989043236     0.1115515828132629
 3.9019057751    -0.1831971406936646
 3.9049072266    -0.6866354271769524
 3.9079086781    -0.1583651900291443
 3.9109101295    -0.3435114026069641
 3.9139115810    -0.1622843146324158
 3.9169130325    -0.0914014577865601
 3.9199144840     0.2423021197319031
 3.9229159355    -0.1156194806098938
 3.9259173870    -0.2215598821640015
 3.9289188385    -0.2510116994380951
 3.9319202900    -0.4109185636043549
 3.9349217415    -0.0687636137008667
 3.9379231930    -0.0132524967193604
 3.9409246445     0.1591352224349976
 3.9439260960    -0.2249184250831604
 3.9469275475     0.1077076196670532
 3.9499289989    -0.0187720656394958
 3.9529304504     0.0613836646080017
 3.9559319019    -0.6584978234022856
 3.9589333534    -0.2755061388015747
 3.9619348049    -0.3989289700984955
 3.9649362564     0.0430949926376343
 3.9679377079    -0.1288366913795471
 3.9709391594     0.1489287018775940
 3.9739406109    -0.5358176976442337
 3.9769420624     0.0739842057228088
 3.9799435139    -0.4640038609504700
 3.9829449654    -0.2636663317680359
 3.9859464169    -0.6419181302189827
 3.9889478683    -0.3942503333091736
 3.9919493198     0.3301253914833069
 3.9949507713    -0.0621604323387146
 3.9979522228    -0.1183149218559265
 4.0009536743    -0.0581958889961243
 4.0039553642    -0.6487900260835886
 4.0069570541    -0.1031888723373413
 4.0099587440    -0.5586812123656273
 4.0129604340    -0.0807983875274658
 4.0159621239     0.0701139569282532
 4.0189638138    -0.2528846561908722
 4.0219655037    -0.0103577375411987
 4.0249671936    -0.5636172592639923
 4.0279688835     0.1997288465499878
 4.0309705734    -0.4418402910232544
 4.0339722633    -0.0225035548210144
 4.0369739532     0.1084464788436890
 4.0399756432     0.2514333128929138
 4.0429773331     0.1542510390281677
 4.0459790230    -0.4181694686412811
 4.0489807129    -0.4839004576206207
 4.0519824028    -0.4107394516468048
 4.0549840927    -0.1486472189426422
 4.0579857826    -0.2558886110782623
 4.0609874725     0.2686948776245117
 4.0639891624     0.3498934507369995
 4.0669908524    -0.4692782759666443
 4.0699925423    -0.3257270753383636
 4.0729942322     0.1553525328636169
 4.0759959221     0.2090809345245361
 4.0789976120     0.3321048617362976
 4.0819993019     0.1652915477752686
 4.0850009918     0.0063323378562927
 4.0880026817    -0.2858188450336456
 4.0910043716    -0.1409313976764679
 4.0940060616     0.0382744073867798
 4.0970077515    -0.4520126432180405
 4.1000094414    -0.2839456498622894
 4.1030111313     0.0418156385421753
 4.1060128212     0.1776435971260071
 4.1090145111    -0.2091901302337646
 4.1120162010    -0.2433271408081055
 4.1150178909    -0.5007731765508652
 4.1180195808    -0.3543289303779602
 4.1210212708    -0.2654638290405273
 4.1240229607     0.1765965819358826
 4.1270246506    -0.5338622443377972
 4.1300263405     0.2631563544273376
 4.1330280304     0.2575836777687073
 4.1360297203     0.1322088837623596
 4.1390314102    -0.1988068521022797
 4.1420331001    -0.2642182707786560
 4.1450347900     0.4237745404243469
 4.1480364799     0.4485639929771423
 4.1510381699    -0.2472350895404816
 4.1540398598     0.2969521880149841
 4.1570415497    -0.0121802091598511
 4.1600432396    -0.1447108089923859
 4.1630449295     0.2391440272331238
 4.1660466194    -0.1620211005210876
 4.1690483093    -0.4897167496383190
 4.1720499992     0.3985671401023865
 4.1750516891    -0.3865416496992111
 4.1780533791     0.2675485610961914
 4.1810550690     0.2712022662162781
 4.1840567589    -0.1651715636253357
 4.1870584488    -0.3940766826272011
 4.1900601387    -0.1164175271987915
 4.1930618286     0.3057166337966919
 4.1960635185     0.4632433354854584
 4.1990652084    -0.4613506793975830
 4.2020668983     0.3505087196826935
 4.2050685883     0.2923808395862579
 4.2080702782    -0.1344689726829529
 4.2110719681    -0.3513859361410141
 4.2140736580    -0.1077372133731842
 4.2170753479    -0.1076430976390839
 4.2200770378     0.0611717700958252
 4.2230787277     0.3409315943717957
 4.2260804176    -0.1575385928153992
 4.2290821075     0.1959604024887085
 4.2320837975    -0.2485904395580292
 4.2350854874     0.4393611848354340
 4.2380871773    -0.0457490980625153
 4.2410888672     0.3985021114349365
 4.2440905571    -0.1467877328395844
 4.2470922470    -0.0272321105003357
 4.2500939369    -0.3486182391643524
 4.2530956268     0.4362030029296875
 4.2560973167    -0.2369825989007950
 4.2590990067     0.4497256278991699
 4.2621006966     0.3784296810626984
 4.2651023865     0.4968622624874115
 4.2681040764    -0.1867798715829849
 4.2711057663    -0.0079099237918854
 4.2741074562     0.3047827780246735
 4.2771091461     0.1889176070690155
 4.2801108360    -0.0260337889194489
 4.2831125259     0.5823149383068085
 4.2861142159     0.5278283059597015
 4.2891159058     0.5689439773559570
 4.2921175957     0.2494955956935883
 4.2951192856    -0.0374781191349030
 4.2981209755     0.0832489728927612
 4.3011226654     0.1533871293067932
 4.3041243553     0.0691718459129333
 4.3071260452     0.0164666175842285
 4.3101277351    -0.1877161711454391
 4.3131294250     0.4646925330162048
 4.3161311150     0.4734807312488556
 4.3191328049     0.1104570925235748
 4.3221344948    -0.1522933691740036
 4.3251361847    -0.2941497266292572
 4.3281378746     0.0764521658420563
 4.3311395645     0.1565558612346649
 4.3341412544     0.4350628256797791
 4.3371429443    -0.3247374743223190
 4.3401446342     0.6252573430538177
 4.3431463242    -0.0646830499172211
 4.3461480141    -0.2241591364145279
 4.3491497040     0.5013248920440674
 4.3521513939    -0.0182869434356689
 4.3551530838     0.2836987972259521
 4.3581547737    -0.2308605834841728
 4.3611564636     0.6531051695346832
 4.3641581535     0.5934357941150665
 4.3671598434     0.1741090714931488
 4.3701615334     0.5855821967124939
 4.3731632233     0.3870088756084442
 4.3761649132     0.4933648109436035
 4.3791666031    -0.3064182475209236
 4.3821682930     0.5144628584384918
 4.3851699829     0.2733384966850281
 4.3881716728    -0.1728771924972534
 4.3911733627     0.2756932079792023
 4.3941750526    -0.1954505443572998
 4.3971767426     0.6760204136371613
 4.4001784325    -0.2337622642517090
 4.4031801224    -0.1745957285165787
 4.4061818123    -0.1001740097999573
 4.4091835022     0.2251980304718018
 4.4121851921     0.0422790646553040
 4.4151868820     0.0133298933506012
 4.4181885719     0.1324382424354553
 4.4211902618     0.0088492035865784
 4.4241919518     0.5125316083431244
 4.4271936417    -0.0882854759693146
 4.4301953316    -0.1072082519531250
 4.4331970215     0.3729982376098633
 4.4361987114     0.1993785202503204
 4.4392004013     0.0600033700466156
 4.4422020912    -0.1776068285107613
 4.4452037811     0.5634067952632904
 4.4482054710     0.3384019434452057
 4.4512071609     0.3224784135818481
 4.4542088509    -0.2429765630513430
 4.4572105408     0.6458475291728973
 4.4602122307    -0.0709070861339569
 4.4632139206     0.2127085179090500
 4.4662156105     0.2580766677856445
 4.4692173004     0.7543058991432190
 4.4722189903     0.6603226959705353
 4.4752206802     0.3149286508560181
 4.4782223701     0.0138531774282455
 4.4812240601    -0.0851798802614212
 4.4842257500     0.5023847073316574
 4.4872274399     0.7461791336536407
 4.4902291298     0.7612280994653702
 4.4932308197    -0.0936968773603439
 4.4962325096     0.4453076571226120
 4.4992341995     0.2602096498012543
 4.5022358894    -0.1717792861163616
 4.5052375793     0.6316946744918823
 4.5082392693     0.3728989809751511
 4.5112409592     0.2093142122030258
 4.5142426491    -0.1177648752927780
 4.5172443390     0.4337255507707596
 4.5202460289     0.3304513096809387
 4.5232477188    -0.0063550174236298
 4.5262494087     0.7500516027212143
 4.5292510986    -0.0943049192428589
 4.5322527885     0.5430880934000015
 4.5352544785     0.6323020309209824
 4.5382561684     0.4930574297904968
 4.5412578583     0.3552201092243195
 4.5442595482     0.0710352063179016
 4.5472612381     0.3703674226999283
 4.5502629280     0.5496154129505157
 4.5532646179     0.0755240470170975
 4.5562663078     0.1839440912008286
 4.5592679977     0.6334024667739868
 4.5622696877     0.2738083750009537
 4.5652713776     0.0794506371021271
 4.5682730675    -0.0571965947747231
 4.5712747574     0.4863149374723434
 4.5742764473    -0.0879085734486580
 4.5772781372     0.0858952403068542
 4.5802798271     0.2283987849950790
 4.5832815170     0.4165875762701035
 4.5862832069     0.8214589506387711
 4.5892848969     0.6516483351588249
 4.5922865868    -0.0440704599022865
 4.5952882767     0.0931008383631706
 4.5982899666     0.6150063872337341
 4.6012916565     0.5928851440548897
 4.6042933464     0.8055282756686211
 4.6072950363     0.2782433331012726
 4.6102967262     0.6391094401478767
 4.6132984161     0.8901530206203461
 4.6163001060     0.8574421331286430
 4.6193017960     0.6676668971776962
 4.6223034859     0.7849610820412636
 4.6253051758     0.4070050492882729
 4.6283068657     0.7686505764722824
 4.6313085556     0.3980341330170631
 4.6343102455    -0.0253157503902912
 4.6373119354     0.0187699422240257
 4.6403136253     0.6126043125987053
 4.6433153152     0.0919007360935211
 4.6463170052     0.6782225072383881
 4.6493186951     0.4558598771691322
 4.6523203850     0.2011457756161690
 4.6553220749     0.2787007838487625
 4.6583237648     0.2930621542036533
 4.6613254547     0.8630749247968197
 4.6643271446     0.2572956159710884
 4.6673288345    -0.0289472341537476
 4.6703305244     0.0083559378981590
 4.6733322144     0.9157428592443466
 4.6763339043     0.6169528514146805
 4.6793355942     0.9363028518855572
 4.6823372841     0.4743850287050009
 4.6853389740     0.4184764642268419
 4.6883406639     0.8251642640680075
 4.6913423538     0.2081523407250643
 4.6943440437     0.5700238123536110
 4.6973457336     0.6032624077051878
 4.7003474236     0.1939104693010449
 4.7033491135     0.4873181441798806
 4.7063508034     0.6859210021793842
 4.7093524933     0.5580144093837589
 4.7123541832     0.4861634492917801
 4.7153558731     0.2790955679956824
 4.7183575630     0.0128341889940202
 4.7213592529     0.4203544370830059
 4.7243609428     0.9423732403665781
 4.7273626328     0.4289401061832905
 4.7303643227     0.6203148942440748
 4.7333660126     0.6013262495398521
 4.7363677025     0.1353859696537256
 4.7393693924     0.8770562577992678
 4.7423710823     0.1981708612293005
 4.7453727722     0.8891707584261894
 4.7483744621     0.3249949775636196
 4.7513761520     0.1915269792079926
 4.7543778419     0.7677336446940899
 4.7573795319     0.0678613539785147
 4.7603812218     0.7771189883351326
 4.7633829117     0.6177231930196285
 4.7663846016     0.7100027240812778
 4.7693862915     0.4432086348533630
 4.7723879814     0.3567882701754570
 4.7753896713     0.1157618202269077
 4.7783913612     0.9098342284560204
 4.7813930511     0.9894144311547279
 4.7843947411     0.8441818654537201
 4.7873964310     0.7915834486484528
 4.7903981209     0.3128949552774429
 4.7933998108     1.0723211243748665
 4.7964015007     0.9002065509557724
 4.7994031906     0.3577959388494492
 4.8024048805     0.2931006401777267
 4.8054065704     1.0619606226682663
 4.8084082603     0.4164775311946869
 4.8114099503     1.0572134032845497
 4.8144116402     0.8169274553656578
 4.8174133301     0.8129647225141525
 4.8204150200     0.4136975258588791
 4.8234167099     0.3150640279054642
 4.8264183998     0.1544160246849060
 4.8294200897     0.5392575412988663
 4.8324217796     0.2988255247473717
 4.8354234695     0.5301668867468834
 4.8384251595     0.7853885442018509
 4.8414268494     0.8228836208581924
 4.8444285393     1.0316157788038254
 4.8474302292     1.0838542878627777
 4.8504319191     1.0859638303518295
 4.8534336090     0.3729665875434875
 4.8564352989     0.7997730672359467
 4.8594369888     0.7525808215141296
 4.8624386787     0.3760426342487335
 4.8654403687     0.2060856074094772
 4.8684420586     0.9800407737493515
 4.8714437485     0.4050383567810059
 4.8744454384     0.3666758984327316
 4.8774471283     0.5447064489126205
 4.8804488182     0.2988341152667999
 4.8834505081     0.9093224406242371
 4.8864521980     0.9787470698356628
 4.8894538879     0.4348153024911880
 4.8924555779     0.6399781703948975
 4.8954572678     0.4692362993955612
 4.8984589577     1.0788986682891846
 4.9014606476     0.6585377156734467
 4.9044623375     1.0671636909246445
 4.9074640274     0.5828340798616409
 4.9104657173     0.3218471854925156
 4.9134674072     1.1233439892530441
 4.9164690971     1.1592754572629929
 4.9194707870     0.6805753856897354
 4.9224724770     0.5076688677072525
 4.9254741669     0.3854617923498154
 4.9284758568     0.6678038686513901
 4.9314775467     1.0328164249658585
 4.9344792366     1.0786846876144409
 4.9374809265     0.8055607825517654
 4.9404826164     0.5573235750198364
 4.9434843063     0.7105948925018311
 4.9464859962     1.1818210631608963
 4.9494876862     0.7493916153907776
 4.9524893761     1.0604756027460098
 4.9554910660     0.6088752001523972
 4.9584927559     0.7209831923246384
 4.9614944458     0.7073460370302200
 4.9644961357     0.9558087885379791
 4.9674978256     1.1369729042053223
 4.9704995155     0.8504071533679962
 4.9735012054     0.8915411829948425
 4.9765028954     0.4349013566970825
 4.9795045853     1.0496025979518890
 4.9825062752     0.4817691445350647
 4.9855079651     0.8980734348297119
 4.9885096550     0.7438148856163025
 4.9915113449     1.0670610070228577
 4.9945130348     1.1344817280769348
 4.9975147247     0.3775325343012810
 5.0005164146     0.5804356932640076
 5.0035181046     0.9393211305141449
 5.0065197945     0.8420092463493347
 5.0095214844     0.7674785554409027
 5.0125231743     0.4900715649127960
 5.0155248642     0.2995520597323775
 5.0185265541     0.3818148672580719
 5.0215282440     1.0703464448451996
 5.0245299339     1.0873971581459045
 5.0275316238     1.1862728595733643
 5.0305333138     1.1935900747776031
 5.0335350037     0.7128671407699585
 5.0365366936     1.1851813197135925
 5.0395383835     0.8460741937160492
 5.0425400734     0.5284982621669769
 5.0455417633     0.6858071684837341
 5.0485434532     1.1488327980041504
 5.0515451431     1.0059585571289062
 5.0545468330     0.6139679551124573
 5.0575485229     1.2695767581462860
 5.0605502129     0.7415419518947601
 5.0635519028     0.7006959617137909
 5.0665535927     0.9011037349700928
 5.0695552826     0.8108225464820862
 5.0725569725     1.0239467918872833
 5.0755586624     1.0729497969150543
 5.0785603523     0.9774125218391418
 5.0815620422     0.9357580840587616
 5.0845637321     1.0262223482131958
 5.0875654221     0.7754433751106262
 5.0905671120     0.5314466655254364
 5.0935688019     0.8316593170166016
 5.0965704918     0.8246222436428070
 5.0995721817     0.7252721488475800
 5.1025738716     0.7493173182010651
 5.1055755615     1.3508759140968323
 5.1085772514     1.2664262950420380
 5.1115789413     1.0463350415229797
 5.1145806313     0.4373046755790710
 5.1175823212     0.5190411806106567
 5.1205840111     0.7770929634571075
 5.1235857010     1.1207528412342072
 5.1265873909     1.0257291495800018
 5.1295890808     0.4103159364312887
 5.1325907707     1.2483200728893280
 5.1355924606     1.1693950593471527
 5.1385941505     1.1837866008281708
 5.1415958405     0.8580108880996704
 5.1445975304     0.4981821179389954
 5.1475992203     0.5458018034696579
 5.1506009102     0.7185765802860260
 5.1536026001     0.4375079879537225
 5.1566042900     0.8661460280418396
 5.1596059799     0.7303289771080017
 5.1626076698     0.9695433080196381
 5.1656093597     0.5369378477334976
 5.1686110497     0.8799196481704712
 5.1716127396     0.7866622209548950
 5.1746144295     1.1808303296566010
 5.1776161194     1.2844716906547546
 5.1806178093     0.5679437518119812
 5.1836194992     0.6527006626129150
 5.1866211891     0.7552879452705383
 5.1896228790     0.7445232272148132
 5.1926245689     1.3195364177227020
 5.1956262589     1.1771817803382874
 5.1986279488     1.1752275526523590
 5.2016296387     0.6427612006664276
 5.2046313286     0.9637611508369446
 5.2076330185     1.1600502133369446
 5.2106347084     0.6450618505477905
 5.2136363983     1.2611970901489258
 5.2166380882     0.5517636761069298
 5.2196397781     0.5289513655006886
 5.2226414680     0.6031981557607651
 5.2256431580     1.0286831259727478
 5.2286448479     1.2861886620521545
 5.2316465378     1.2204778492450714
 5.2346482277     1.3911542892456055
 5.2376499176     1.4293074607849121
 5.2406516075     0.6532462537288666
 5.2436532974     1.1525918245315552
 5.2466549873     1.0323472619056702
 5.2496566772     0.8967450559139252
 5.2526583672     0.6517420560121536
 5.2556600571     0.7463729232549667
 5.2586617470     0.5308608664199710
 5.2616634369     0.6310283914208412
 5.2646651268     1.1246003508567810
 5.2676668167     0.8745469748973846
 5.2706685066     1.3094278573989868
 5.2736701965     1.4353642463684082
 5.2766718864     0.7348501682281494
 5.2796735764     0.6763491779565811
 5.2826752663     1.4600205421447754
 5.2856769562     0.9816487133502960
 5.2886786461     0.6518664658069611
 5.2916803360     1.1229677796363831
 5.2946820259     1.2828516364097595
 5.2976837158     0.9059748947620392
 5.3006854057     0.7933314442634583
 5.3036870956     0.7268269807100296
 5.3066887856     1.0771300792694092
 5.3096904755     1.3858495354652405
 5.3126921654     0.6571229174733162
 5.3156938553     0.6145822070538998
 5.3186955452     0.6942184641957283
 5.3216972351     0.6257579848170280
 5.3246989250     1.0300122797489166
 5.3277006149     1.0968496799468994
 5.3307023048     0.9599833786487579
 5.3337039948     1.0944293141365051
 5.3367056847     0.9939030408859253
 5.3397073746     0.8054973334074020
 5.3427090645     0.8415218293666840
 5.3457107544     0.6012674625962973
 5.3487124443     1.3622002601623535
 5.3517141342     0.6881778091192245
 5.3547158241     1.5450435876846313
 5.3577175140     1.1673124432563782
 5.3607192039     0.8224920928478241
 5.3637208939     1.3762708306312561
 5.3667225838     1.4687206745147705
 5.3697242737     1.0178733468055725
 5.3727259636     1.3328145742416382
 5.3757276535     1.2954095602035522
 5.3787293434     1.4188425540924072
 5.3817310333     1.6193984746932983
 5.3847327232     0.8899864852428436
 5.3877344131     0.9536578953266144
 5.3907361031     1.2144845128059387
 5.3937377930     1.6253201365470886
 5.3967394829     1.3918212056159973
 5.3997411728     0.7627733647823334
 5.4027428627     0.8673435598611832
 5.4057445526     0.7217599824070930
 5.4087462425     0.6790804006159306
 5.4117479324     1.1976073384284973
 5.4147496223     0.9914035797119141
 5.4177513123     1.5906323194503784
 5.4207530022     1.5028679966926575
 5.4237546921     0.8578255921602249
 5.4267563820     1.1209810376167297
 5.4297580719     1.2875205874443054
 5.4327597618     0.9939610660076141
 5.4357614517     1.5454292893409729
 5.4387631416     0.7156590260565281
 5.4417648315     1.4141783714294434
 5.4447665215     1.4635800123214722
 5.4477682114     1.2475182414054871
 5.4507699013     1.1363167166709900
 5.4537715912     1.0239078402519226
 5.4567732811     0.9268472194671631
 5.4597749710     0.9981587529182434
 5.4627766609     0.8549721837043762
 5.4657783508     0.9711540937423706
 5.4687800407     1.3596366643905640
 5.4717817307     1.2704657912254333
 5.4747834206     1.6708707213401794
 5.4777851105     1.6828929781913757
 5.4807868004     1.3778592944145203
 5.4837884903     0.7650431320071220
 5.4867901802     1.4868756532669067
 5.4897918701     1.3398723602294922
 5.4927935600     0.9180728346109390
 5.4957952499     1.1183900833129883
 5.4987969398     0.8207105994224548
 5.5017986298     1.0291312634944916
 5.5048003197     1.5080397129058838
 5.5078020096     1.0100623369216919
 5.5108036995     1.5677883028984070
 5.5138053894     1.2882851958274841
 5.5168070793     1.4385706186294556
 5.5198087692     1.2227761149406433
 5.5228104591     1.2781558036804199
 5.5258121490     1.4932856559753418
 5.5288138390     1.3251591920852661
 5.5318155289     1.3102735280990601
 5.5348172188     1.6956714391708374
 5.5378189087     1.4914974570274353
 5.5408205986     1.3747770786285400
 5.5438222885     1.0531570613384247
 5.5468239784     1.3440198302268982
 5.5498256683     1.1136376857757568
 5.5528273582     1.1868966817855835
 5.5558290482     1.6494203209877014
 5.5588307381     1.6258705854415894
 5.5618324280     1.6791018843650818
 5.5648341179     1.3615298867225647
 5.5678358078     1.3180549740791321
 5.5708374977     1.5478003025054932
 5.5738391876     1.7156637310981750
 5.5768408775     1.1117012202739716
 5.5798425674     1.0295897424221039
 5.5828442574     1.5488067269325256
 5.5858459473     1.1245727241039276
 5.5888476372     1.7128018140792847
 5.5918493271     1.2414262592792511
 5.5948510170     0.9260762482881546
 5.5978527069     1.4543994665145874
 5.6008543968     1.2705985307693481
 5.6038560867     1.4784352779388428
 5.6068577766     1.7641916275024414
 5.6098594666     1.6462843418121338
 5.6128611565     1.6230254769325256
 5.6158628464     1.7096827626228333
 5.6188645363     0.9024148806929588
 5.6218662262     1.7737144827842712
 5.6248679161     1.1204729080200195
 5.6278696060     1.6794137358665466
 5.6308712959     0.8432244285941124
 5.6338729858     1.0241792052984238
 5.6368746758     1.1112745702266693
 5.6398763657     0.8584959134459496
 5.6428780556     0.8930731043219566
 5.6458797455     1.2294829189777374
 5.6488814354     1.6791755557060242
 5.6518831253     1.7512068748474121
 5.6548848152     1.0852486789226532
 5.6578865051     1.2785351872444153
 5.6608881950     1.4236531257629395
 5.6638898849     1.7773301005363464
 5.6668915749     0.8375966139137745
 5.6698932648     1.0368882715702057
 5.6728949547     1.4731899499893188
 5.6758966446     0.9747687429189682
 5.6788983345     0.8256725482642651
 5.6819000244     1.2987730801105499
 5.6849017143     1.1895771622657776
 5.6879034042     1.4091861248016357
 5.6909050941     1.7258332371711731
 5.6939067841     1.5332826375961304
 5.6969084740     1.2156286835670471
 5.6999101639     1.3983764052391052
 5.7029118538     1.8294331431388855
 5.7059135437     1.7516478896141052
 5.7089152336     1.7248694896697998
 5.7119169235     1.2139215469360352
 5.7149186134     1.7202890515327454
 5.7179203033     1.4261885881423950
 5.7209219933     1.1095522940158844
 5.7239236832     1.3334715068340302
 5.7269253731     1.0811788886785507
 5.7299270630     0.9741002246737480
 5.7329287529     0.8585035223513842
 5.7359304428     0.9400742501020432
 5.7389321327     0.8617695020511746
 5.7419338226     1.8053818941116333
 5.7449355125     1.0811317265033722
 5.7479372025     1.3399263024330139
 5.7509388924     1.5245269536972046
 5.7539405823     1.6674042940139771
 5.7569422722     1.1592397093772888
 5.7599439621     1.5798765420913696
 5.7629456520     1.5510355234146118
 5.7659473419     1.1544863581657410
 5.7689490318     1.4962816834449768
 5.7719507217     1.8378518819808960
 5.7749524117     1.6988743543624878
 5.7779541016     1.4151837825775146
 5.7809557915     1.0670826286077499
 5.7839574814     0.9365357011556625
 5.7869591713     1.7483361959457397
 5.7899608612     0.9968068897724152
 5.7929625511     1.1324691772460938
 5.7959642410     1.2750558853149414
 5.7989659309     1.0518379360437393
 5.8019676208     1.4564744830131531
 5.8049693108     1.4075625538825989
 5.8079710007     1.5110564231872559
 5.8109726906     1.7795743346214294
 5.8139743805     1.3099089860916138
 5.8169760704     1.3790562450885773
 5.8199777603     1.8650618195533752
 5.8229794502     0.9045360367745161
 5.8259811401     1.8177823424339294
 5.8289828300     0.9741427898406982
 5.8319845200     1.8830042481422424
 5.8349862099     1.1616027951240540
 5.8379878998     1.4073806405067444
 5.8409895897     1.7596629858016968
 5.8439912796     1.5786464214324951
 5.8469929695     0.9228342529386282
 5.8499946594     1.8010635972023010
 5.8529963493     1.7918716669082642
 5.8559980392     1.4639409780502319
 5.8589997292     1.6956893801689148
 5.8620014191     1.5891726016998291
 5.8650031090     1.4796070456504822
 5.8680047989     1.6034296154975891
 5.8710064888     1.0000070407986641
 5.8740081787     0.9454630501568317
 5.8770098686     1.2079926133155823
 5.8800115585     1.3244348466396332
 5.8830132484     1.0632281899452209
 5.8860149384     1.7097995877265930
 5.8890166283     1.1128461062908173
 5.8920183182     1.7267212867736816
 5.8950200081     1.6495335102081299
 5.8980216980     1.6782962083816528
 5.9010233879     1.4435378313064575
 5.9040250778     1.1862410008907318
 5.9070267677     1.3772045075893402
 5.9100284576     0.9487191867083311
 5.9130301476     1.5116496682167053
 5.9160318375     1.1101576983928680
 5.9190335274     1.4797202348709106
 5.9220352173     1.8232033848762512
 5.9250369072     1.6978688836097717
 5.9280385971     1.6822292804718018
 5.9310402870     1.1569184064865112
 5.9340419769     1.6952868103981018
 5.9370436668     1.5087890028953552
 5.9400453568     1.7102028727531433
 5.9430470467     1.2052932679653168
 5.9460487366     1.1702269315719604
 5.9490504265     1.3489169776439667
 5.9520521164     1.1742091476917267
 5.9550538063     1.5404739379882812
 5.9580554962     1.6090365648269653
 5.9610571861     1.7075057625770569
 5.9640588760     1.8353073000907898
 5.9670605659     1.2785397171974182
 5.9700622559     1.2994209229946136
 5.9730639458     1.4194561541080475
 5.9760656357     1.2139105796813965
 5.9790673256     1.3155094385147095
 5.9820690155     0.9963566660881042
 5.9850707054     0.9937549643218517
 5.9880723953     1.6415899991989136
 5.9910740852     1.9380438327789307
 5.9940757751     1.1281528770923615
 5.9970774651     1.3638708591461182
 6.0000791550     1.6077609658241272
