  1  918.5988239149373840
  2  971.5279546508279509
  3   29.4553228647075152
  4   17.2854491934816537
  5    8.1341274320340649
  6   20.6004856204202191
  7   12.8573668221714410
  8   14.3470287421427614
  9   14.6163433008599188
 10    8.4390885254977057
 11   12.3955763180728820
 12    9.8515181698842493
 13   11.8075251100356642
 14   11.9664737151754039
 15   14.5595754136084334
 16   10.0517222023987820
 17   18.7284206570145990
 18    2.2999644835653164
 19   19.9079286621562268
 20   13.2125214879920296
 21   16.2065849834451789
 22    4.0149524684399953
 23    5.1860027902892858
 24    7.0125059991136096
 25    6.5589917819667365
 26   13.2989688025502542
 27    8.8805357373755491
 28   23.8603208260250064
 29    9.9520792920677259
 30    3.4423824505041845
 31    7.2025533425430099
 32    7.9572787168362060
 33   14.9148959265408312
 34   24.4713077371123937
 35    2.3021458278405449
 36    4.6134762069907715
 37    7.8872662760344916
 38   10.3720053471491092
 39   11.8820370251594696
 40   12.4607353410140327
 41   16.6060656903927892
 42    8.0031377419862046
 43    7.5573008306653913
 44    3.4109978935087959
 45   16.1703009013892292
 46    2.0732329633315123
 47   10.4766521988021672
 48    7.3482180459065747
 49   20.3185309521045028
 50    7.9799864676031120
 51   20.3782864028424981
 52   13.7539885120145868
 53   15.8957753881816348
 54   17.0535408911663922
 55    8.0681955133333307
 56    9.9695702890582893
 57   21.7871887041279599
 58    7.9655913403808922
 59   14.6960995792686386
 60   13.8162391829488467
 61    4.6231384560653668
 62    4.3251860456276443
 63    1.4959101682528175
 64   10.2544625463834613
 65    3.2536332220742321
 66    7.8512258801510608
 67   10.5463959780609748
 68   10.6775488196664838
 69    9.4566051498687980
 70   16.2178418131403781
 71    5.2674199568585145
 72    8.6511723935495404
 73   31.6411225274921648
 74    7.5020685654892576
 75   26.3168940191285152
 76    2.1053956296646952
 77   13.6443732407952449
 78   20.9636175251296279
 79   14.2717279857472050
 80    9.0633877919939199
 81   12.4956475237870990
 82   12.1804544849950993
 83    9.3127592895190645
 84   19.1490673140306811
 85   14.2029546912737743
 86    4.4648334726678502
 87   18.7537904543891649
 88    9.7964219986797350
 89   13.9741167493058320
 90    9.7486341970996353
 91    7.7017087576792429
 92   15.1766285043321840
 93   10.5136356485296218
 94   27.3377217302726159
 95   11.9796936053934910
 96    6.6187426813611525
 97   13.4106137335195932
 98    3.7035844461544203
 99   23.5386067757244994
100   12.2718125986535043
101    5.1828124667787074
102    5.5457057720032301
103   11.0409192071493614
104   22.6733360797674663
105   21.6169742624299737
106    9.4710678898115290
107    8.1282410282168485
108   19.6437439109519261
109   14.7201205651801228
110    5.4116543330764850
111   18.3820033320099938
112   11.7522125029509752
113    9.3880603094215580
114   20.2469819873231422
115   13.8374839966405148
116    6.0097658666025655
117   15.1282317742954628
118    8.1899007852884473
119   22.9351596292193278
120   10.9457694056192079
121   11.7429889756338657
122    4.7959599509793174
123   35.5340459519889933
124    5.5008504458490348
125   26.1642734016620153
126   16.1172238050110757
127   17.1182335514415485
128   19.3359115051030237
129   13.0844123434063260
130   16.1004983185673751
131   13.7851068918749942
132    4.6877701531515292
133   18.6818290372986340
134   11.7917624581962563
135    4.2378733434118905
136   13.9807262863423674
137    9.5376495394680454
138    5.0537500964141513
139   14.0597383795958120
140   24.9777291043099368
141    5.8621506992278256
142    5.6109358470394017
143   13.0133921635810186
144   11.4900863043492318
145   21.4493433787729444
146    3.8798525874826910
147   14.9366480901926586
148   12.2519095261654094
149   22.3900687446855500
150   21.6503032803092488
151   13.2938372237003914
152   11.5851050240990521
153   10.1069181190451545
154   14.0468933659848307
155   16.9164740321463718
156    3.0211633335221064
157    8.0158639683890271
158   15.6769236658168261
159   14.5601863969354728
160   11.4380115809321001
161    9.1632341751357274
162    7.5309596789742308
163   16.4365197888289600
164    3.7289048037921222
165    3.1246729974619671
166   12.1088654961052899
167   14.2287080154999046
168    9.7517727945175547
169    6.1501673610568890
170   10.7346192361752362
171    8.0647673079504347
172    6.3200519709075191
173   18.9709292413490367
174   15.9964998126487838
175   18.8798403539843704
176   11.4329959959829388
177    6.3698112831805291
178    5.2083526731326462
179    8.2961861885653772
180    5.6359466197775845
181    9.6011179615499955
182   19.7671050419872500
183    8.6454531886657264
184   13.5816430408367470
185   23.5048537879293846
186   26.8443769620278196
187    6.4868751346835412
188    9.1463224497026054
189   10.1038929213658797
190   16.8818040655303108
191   16.5831358398383593
192    3.2129357373771898
193    9.4541138056793770
194   13.8766989883837759
195    9.3556230442512387
196    5.4166585929980045
197    9.6236584310512878
198   19.5770422031869735
199    5.4314368903242274
200    9.2499972211743859
201   15.4198053023318309
202   24.3145515902325648
203   13.5718663072291346
204    4.6532061166529397
205   12.8311448015456264
206    4.2937743291879791
207   11.6985046111573254
208   10.6189232394027595
209   13.6632332357099227
210    9.2719402140763183
211   16.2360184579511042
212   13.2869609435931739
213   12.5274715714234972
214   14.3584297574564843
215    5.2975752174994213
216    6.9755711863312868
217   11.6700930007501462
218   13.9913502905061851
219    6.1282439952355379
220   12.1353826461873400
221   12.9886228890960904
222    6.5796134350928046
223    4.5308160890971863
224   13.3515034051262376
225   20.7481250559577255
226    7.5846894153048297
227   10.4995687000070266
228   16.2443611151368366
229   17.5607193000930693
230   23.3781130702521942
231   12.9298501856700714
232   11.8983758077866586
233   17.4614346821455548
234   16.5787066275714743
235    4.7013825480678006
236    6.1558102174921849
237   11.2214593869965178
238   16.9880512045430869
239    7.9265322686619939
240    9.7945787936864068
241   12.5849742000392819
242    8.7626191575438028
243   12.9972032548414891
244   12.3825112999001963
245   16.6994301977011474
246    9.2556259778031915
247    2.1124120308410257
248    0.4020493245157583
249    8.2232931275153938
250   14.5224056258295438
251    2.8312711220581845
252    9.1017446560078543
253   23.4035380229742387
254   16.9603872651392464
255   13.2731888737641412
256    9.7616897971704066
257   10.1279082020036117
258    4.6931111621801547
259   10.4687944625680931
260   15.9079213579519294
261   12.2972696120421201
262   17.2118642099030588
263    6.6758944400466280
264   18.3642378086914135
265    9.6231977149899777
266   24.9181933375231495
267   16.2183725665487408
268    8.4153294101459899
269   16.7783133841840737
270    4.5349394066164166
271   15.4878712042092825
272   10.9465287113670851
273   12.9906503406821994
274    7.6429313526877367
275    9.4431917670748344
276    6.0421898811415220
277    5.1838014140971369
278    5.4616560504958649
279    6.6296651772070048
280   10.0233729494021784
281    8.5637876059057980
282    5.3259676473666104
283   21.0231502775731691
284   22.8329716418984425
285    8.0247905750031272
286    8.4303256502689781
287    8.3800589913399293
288   20.9009707032351706
289   12.3440473603168481
290    1.2119739998782921
291   16.3474536434333189
292   10.2878951775779424
293   11.6732867008794035
294   12.8587434529182492
295    6.5106287455356524
296   17.4236858643748924
297    5.5087418640182273
298   23.4565767903330453
299   12.9682893656377036
300   11.1498630917600554
301    9.8304549622556081
302   11.8646571542562143
303    3.0694656042773105
304   13.5960929222688449
305    1.7279615314502839
306    0.9971458238025082
307   27.6800636808072831
308    9.1225161669258288
309   14.5499655693054617
310   13.6584388047739864
311   14.4136741265999966
312    7.9700997722728602
313   16.4672484685575249
314    9.8743104942612270
315    7.0281475411501351
316   10.0661921268774961
317   17.2644556962462197
318   20.5660193231921440
319   10.7411457193774051
320   17.4122582324937554
321    2.4829240216177757
322   12.2112703533714644
323   13.7530852749299157
324   12.7249710160932334
325   15.3807827521615579
326    8.7808186337621077
327    9.1258970024906549
328   15.0512440475567537
329    9.1917731580190161
330    7.6644400929893246
331    4.2704237821860875
332   12.1816601176042525
333   24.9086564170212412
334   20.5670325302481061
335    4.4448845207156156
336    4.5103568675615628
337    4.0958697791042988
338    4.4090525578790389
339   11.2722997611436213
340    5.5304426589200437
341    6.7335625940933523
342    7.8894478999867319
343    3.3192094508240304
344    3.4329622186506854
345   24.3480904164052774
346    6.3663827626942746
347    9.2042105541938923
348   17.5912433198065123
349   24.5957314589881051
350   21.7512516789268879
351    6.9301309736727097
352   29.4376801057005331
353    9.7616704372897551
354   12.7115549643220724
355   16.6692543655787020
356    3.9922668854305536
357    5.3568344965869050
358    5.6678710383232538
359    7.2366016464156511
360   10.9204744240381384
361   25.8832700698741718
362    1.6768555711479101
363    5.0754796771750810
364    5.4408041730691066
365    9.0500889661093034
366   17.5385927868819778
367    7.0264107737668686
368    5.0729742160672160
369    5.5710453295267035
370    4.4316119056849121
371   12.5270187730972360
372    3.2434230678528109
373   15.0334180031757150
374    4.2423163107076967
375   13.4060198724654960
376    6.1514467428958275
377   21.3694278329868617
378   10.3285379651133109
379   10.6545258591059007
380   16.7406531989960641
381   10.4874898656705895
382   14.4132969768076897
383   16.1883582073495766
384   12.7619745812128649
385   10.1887353464742940
386    7.8788929903857747
387    9.2154257972374936
388   15.9157345161462374
389   23.1256898529840349
390   17.1965125370306531
391   11.8179050546617308
392    6.8941479293437311
393   22.6966658455525945
394    7.2215677237425799
395    7.3698836127340144
396    6.3501728419533556
397   12.0145226676756973
398   13.9850461290663475
399   17.8495626585409113
400   21.4785305530299766
401    2.7659241686523108
402   15.1691912210366091
403    7.6981404649211207
404    7.5668007630297600
405   21.0601867830277456
406    3.9730329877891979
407   12.8155370870418768
408   21.4125767292024243
409   11.5758875216884380
410   17.4222713466199544
411    5.1936041972966187
412    4.9797452182759603
413    8.7427534153785018
414   12.5881512801490523
415   14.9303120327271053
416   16.3646922642955523
417   14.7946666138930691
418    7.3991739619332844
419    4.2805811823078077
420   17.6745834934165487
421   19.6390386988699603
422   14.1963594669368867
423    9.8351079524604135
424   14.1811655242371497
425   12.5929198863092218
426   17.9518099036979422
427    8.9798122481022258
428    3.6229325495739846
429   11.9815167391022150
430    8.8368552891434433
431    0.7400888206234725
432   15.0641024879995431
433    2.9655480777526937
434   15.4292926153206480
435    2.8954360819890690
436    9.7758668758347529
437    8.0249464533859936
438   17.3762831328569405
439    8.7682011410949787
440   24.7213673100202520
441   23.3390201893981377
442   14.8455787443074154
443   18.8602161471272041
444   16.9121729054462051
445    4.6015642487217274
446   25.4517402014760421
447    4.5866325200354430
448    4.7913309998578697
449   16.2656891056031192
450    6.9408873730800069
451   10.4136901160206889
452    8.6380483800132204
453   15.8461829163267449
454   12.3776892914599905
455   15.2192831255189507
456   12.8600815235483044
457   11.2835877930310744
458    6.5843826012261077
459   12.9981165043258979
460   11.4181449209421526
461    8.9986370067443193
462    5.1098246442261086
463    7.1273455915295845
464   20.7831353772279996
465   11.3889497703836220
466    8.3487597624214622
467    7.9707575917363584
468   10.0397230413812295
469    4.9304330604612847
470    9.2685351762173287
471   26.9497939016112618
472    4.1724675221488496
473   13.1718470362556825
474    4.4377468514011831
475   10.3584389272712745
476    8.8975593608028412
477   14.4193297618466669
478   13.4674233653039259
479    4.7530866908227045
480   22.9622584113043011
481    9.3466563851564999
482   12.9900705725319465
483   18.4320163046896894
484   12.1461154341329642
485    5.3245042241943139
486    1.8714633366258850
487   12.8609033668504225
488   12.4424334586014016
489    9.7495176227904210
490   23.6034154895131572
491   10.1442103376922113
492   10.9252385300331891
493   10.4449982935555035
494    1.3281528608081339
495   16.0199077840177289
496    3.6979121708567448
497   22.5564516215523128
498   25.1894378297517321
499   12.5839577637508739
500   17.9736635260738176
501   20.7527035882671491
502   12.5897681543169604
503   16.2305436893622073
504    4.4328444869618755
505    1.0647998283013991
506   14.1966117137925814
507    4.3637157314172903
508    7.1791740828416675
509   10.3236032260078066
510    6.9920642515879701
511    1.3416379543896124
512   13.6531422978294827
513    5.4187728067407948
514   10.2730594034599374
515    9.8406963856126151
516   14.1741175294455193
517    7.3406327082623717
518    8.3789212535208080
519   15.9692645658032468
520   12.6106349251134677
521    3.9539016281353434
522   23.4598420517611785
523   20.7415873978218350
524    6.3380392470740183
525   20.9507053369748313
526    2.8633052784038697
527    1.6576412591979506
528   20.1922877093737547
529   16.3019013463899682
530    6.9425140716420310
531   15.4975157516325073
532   16.2144368522782365
533   18.2265009213462577
534   14.3634149174683792
535   11.4981558971246720
536   23.5264139862554025
537   15.8190458281822313
538    8.1266742092270299
539   11.8813957625365401
540    5.3290355911996352
541   17.2639473279232263
542   21.2856148962559786
543    9.0460896250069442
544    6.6665095570199622
545   15.7294020125176743
546   15.2640337483559581
547    6.6524483353811252
548    5.1679796110654292
549    6.8616823688389204
550    2.0674640267300450
551    8.9751889893380792
552   11.6348089724036878
553    6.2674560637662502
554    8.7485635656113381
555    8.6558231127932785
556    6.0324388951449164
557   22.5163680845974596
558    7.2095457040917266
559    8.4232340560085817
560    3.2238633870285707
561   25.4016309840239423
562   10.9396482159109532
563   14.8518056760769355
564    2.7253813820674377
565    1.2058265495987330
566    4.9884333974017494
567   11.4194399352165306
568   10.3629823591789805
569    1.5103907130008882
570   18.0942807890910728
571    7.2140257922304949
572   11.9247197192543801
573   10.1121030470217654
574    6.5807704186961846
575   11.0701179893628225
576   18.6076373435290989
577    5.4802946178345762
578    9.1768595588459245
579    8.4665833964212940
580   10.3391626971027417
581    6.5347820971876374
582   12.2175884083490711
583   11.7612759928547632
584   13.8505551906665030
585    9.7275579172976183
586   10.5927265749009170
587    6.2840367799650627
588    4.4897543252496810
589   15.1852720417258649
590    8.0131735587092958
591   13.5938288083023799
592    7.2612017806155720
593    9.5543356563929116
594   12.7936728491959730
595   12.6636096223036354
596    0.9269473252962610
597    6.8000956249270894
598   14.3261795374568557
599   12.4091081887455683
600   19.8270921924137049
601   12.9292100063422524
602   15.4876456041286765
603    4.1503273657811510
604   14.3171400442168455
605   24.4439694156234317
606   19.6458827832564964
607    9.8656652121800441
608    7.7169143001105862
609   17.9974779743455464
610    6.2294385109412858
611    9.2567044089907018
612    9.2252293999443591
613    9.1595686332630049
614   14.7115640548888802
615    7.8038305966377717
616   15.5625372287930439
617    4.2621391912037181
618    9.0666815516799844
619   24.7391253531114259
620   12.0739297010462927
621   12.4323883199602445
622   11.2656852269468839
623   14.9237602773556883
624    7.0990919632580249
625   10.2439719578009409
626   14.9049087924764816
627   15.1302105981579231
628    1.5528233934367763
629    6.0304867452960504
630    7.7705937968993490
631   13.6584183347068695
632    9.2373509417924815
633    4.2459586967302583
634   16.6693417817368505
635    7.9268649891284717
636   13.4043496978187662
637    1.8060061708108464
638    7.1481327726091859
639    8.9823839714886979
640   19.7568455340456310
641   12.6769602405077890
642    5.8306491016967907
643   14.3026199581289450
644   11.4006634733085104
645   18.5808069764432737
646    7.1923693953456418
647   19.9665054808530513
648    4.0901793257734695
649    5.1432017202674869
650    1.2034874393885477
651    6.7123251898037202
652   11.4053410868704077
653   14.5093014587316720
654   19.5694387983328575
655    5.5464643326852858
656   14.6956720041830255
657    3.7793906444585783
658   17.1756580090757467
659    6.6490667984975138
660    7.9341810756212485
661    9.2058959158374627
662    8.2304577859677011
663   15.8458383954720095
664    8.6988489899414336
665   14.8998616764201799
666   23.0759404949585161
667   11.3082621816678017
668    6.7617018982972379
669   15.6201814022447749
670   14.2338544452208637
671   16.9901579391132351
672    4.3624603159806181
673    9.3433786377223615
674    5.0819669484746246
675    9.2567949482446714
676   10.5008240083109960
677    7.6176746386614091
678    1.9929427665213426
679   19.1013566910069912
680    3.2581259028781977
681   29.0822527384920626
682   13.4203477464968639
683   13.0332734921978268
684    7.9424576816609500
685   17.5731683109524752
686    3.2784982472648512
687    3.4996383605328032
688    7.3493387213444183
689   24.5489274735595266
690    1.8282051689623231
691    3.1904008073622756
692    2.9964647942670219
693   10.5552415524993002
694    8.5197720678876276
695    8.1828846584223456
696    6.8992403488125253
697    7.6894371211564234
698   11.0270215865270895
699    5.1656094980533931
700   16.7093610095330654
701    6.7246788314101869
702   29.2196675073585261
703    5.6015605467125349
704   11.9324104164685227
705   12.7292042524100122
706    5.4384304632286682
707   18.5118169593963486
708    9.7288186485082271
709   15.0200548995864906
710    3.6521063444857704
711    6.7243527668900684
712   15.9431725844970202
713    8.6988659905712282
714   16.5311879758257909
715   14.3235265450015401
716   13.5394080497323408
717    6.9745170241479642
718    6.5860156277804034
719   18.6146907513256252
720    2.0775876099574675
721    4.4944301528038624
722   20.3404894805126375
723   13.4259583195755781
724    5.4758342605449988
725    8.3419489244896159
726   14.4513974170367678
727   15.6971914850969441
728   17.6377424768160083
729   17.5045074843201860
730   12.8853867048619026
731    3.0370296648556487
732    9.7918611419136887
733   13.2929924625426903
734    1.9334019667442290
735   12.7818157663322065
736   16.6860074370952063
737   11.8886604778854235
738   15.0918181261971078
739    8.9840417076987187
740   27.7496278017009139
741    4.7351483851172862
742   10.5250415904478505
743    3.4396515562725978
744    2.3181495723469889
745   18.8975000882370843
746   12.6377491237932258
747    4.4439352362685520
748    8.9560954338734362
749   12.6748916264318261
750   10.4399947589125315
751   16.4415777803633318
752    4.6272515761746105
753    5.7024553452950064
754    8.9875714903566095
755    4.7911053837357658
756    5.0015437690463234
757   20.2985207590936731
758    0.0648816487497504
759   15.2616170531695605
760   11.1739203651384216
761   18.2133498597561569
762   13.6259005702093390
763    5.7768793823625302
764   13.2711379196747536
765   13.5647949059669291
766   17.4633881903014299
767    9.2809495979574823
768    5.6572494662609216
769    2.9670732781611866
770    7.7911587492866019
771   18.4898682347774077
772    6.1773132239220736
773    7.8072535090494979
774    6.3513619134402273
775   17.6855766172137017
776    5.9547937491749625
777   18.0849992827875852
778   15.6549591964688801
779   11.7487493446907827
780    2.0011180795112886
781   12.4752888641574238
782   21.3871926615328256
783   10.7240523518224276
784   16.6664644443857100
785   10.3846686000322119
786    8.8814374107189629
787   12.5733888763755655
788    5.6916469923198409
789    7.5595593083774650
790    8.7183083756227848
791   19.7832792234547803
792    3.6531669834664613
793    8.5928312440937198
794   15.2083301665448936
795    5.1999251681065832
796   15.8414504117457575
797    3.5330180780608553
798    6.8428620597533847
799    7.7702499032799599
800    3.7253719080844041
801   13.3763967790456082
802    6.6032162285990106
803    5.0555048834133656
804    7.8520223049892266
805    8.2067168195479532
806   13.0307553904449662
807    4.3904164717917551
808    9.5207803410752394
809    7.2076495271869820
810    9.1818116231848403
811   14.6935479391697115
812   14.7966101144657820
813   14.3669674259031179
814   13.1420143717171705
815   22.9639873690007725
816    3.4138910255518784
817    8.9229258784973222
818   17.1907781051355180
819   13.3342083613842917
820    2.8645603512630413
821   13.4535366692723777
822   17.1925141957065435
823    5.6485071498612855
824   16.7647671751641667
825   14.7343409715514024
826    9.4254744747897448
827   20.7482826568219494
828    5.3666978268970942
829    8.9243725819019133
830   21.9886930681294253
831    5.8149141823016812
832   19.5470719996657145
833    9.1520328990682920
834   13.9576587776551406
835   13.3786390550073762
836    6.1047916410386094
837    3.0971716229750093
838    7.9707025060373518
839   12.8467584456474135
840   31.3076070484124251
841   15.6410961167534630
842   17.7129467009592751
843    8.5599417489415774
844   14.9782965228463851
845   16.6971825542446517
846    5.6729767247018641
847   21.0335818628024143
848   10.5100948719512566
849   27.6558660977722148
850    5.3631583423028673
851    9.6936569494058666
852   12.5966467585815280
853    0.5329121556647224
854    2.6326014897902521
855   12.3925530351127318
856   11.9051903154853846
857    7.7756959213700929
858   13.4599493122119878
859    9.4605621554714681
860   15.2201882775877433
861   21.0114199571435343
862   16.5478532985483504
863   13.4834201523125010
864   22.2848407318788517
865    6.2110690170336484
866    4.8043119733642534
867   17.7570981003300084
868    7.8673776249386709
869   17.5512934705656534
870   10.3740812328677823
871   10.9997704917815895
872    6.5157535854776327
873   10.9755842162803674
874    2.7232776477286338
875   20.6438528665562302
876    7.2182896232157612
877   17.0660769532532832
878    4.3317167873168962
879    7.2113131424668770
880    9.5589340522607511
881    8.1246367475799985
882    4.4964062145823833
883   12.6281473192147438
884   21.5764922878041219
885    4.1746453252456028
886   10.9797204505583750
887   17.8630419884743858
888   13.0617474043847643
889   16.5741032089007305
890    2.1595102249813509
891    1.9472137713671192
892    6.9756896134547803
893   23.8721859311728579
894   12.6848519653174687
895   24.1611142684350071
896    1.8881244534510544
897   19.1397471873031400
898    4.9142614967448210
899    2.3720108382358571
900    8.4874909142411941
901   10.6150557376173147
902    3.7513570938536147
903    7.9958252426015175
904   10.9425177638061637
905   24.6698941546898602
906    5.5195132904358619
907   22.2573200106310480
908   11.9172722665762176
909    2.1518723230430399
910    5.0608807865398697
911   10.8562416822950549
912   14.2818151510023359
913    4.9101356076180656
914   15.1238144084089541
915    8.1904419095795120
916   11.6846959929711769
917   17.7368472538799331
918   13.7484765331888106
919   16.8903550592364766
920    9.1125646433903302
921    6.4686651685741774
922   11.6338876579999742
923    2.6975351650493509
924   13.1510498979149890
925    6.7496057349068312
926    6.6242755226492047
927    3.8631948009683010
928   18.1807102393751094
929   18.5021519027567294
930    8.7072893331848427
931    6.8141961811560501
932    6.6051217068522190
933    5.7342061164667770
934    8.1629479005844132
935   11.9229349257614583
936    3.9204801385713557
937   13.2407898778407880
938   10.0512170026511107
939   13.3861457812468458
940   15.0068069629896925
941    6.1095015412088101
942    5.0456773241998079
943   18.4696922126286118
944   10.5384120264284160
945   16.0702896729884408
946   13.6786931814164827
947    5.0831124389991267
948   10.3229944037850085
949    6.7243777175805874
950    3.5041093181425040
951    6.5043250663299697
952   13.9976412719220864
953   28.0898230195490441
954    2.9849907471978181
955   11.8436678688508685
956    9.0102079851264794
957   17.5729179051034166
958    4.3467195429487004
959   22.1167557806190516
960    8.9202511775832694
961    9.3351179611062189
962   11.1506004255689906
963    2.4944665395841219
964   14.5776114562164771
965   14.6047973438720433
966   14.3235498676242212
967    4.4698650414151846
968   12.5169094191613564
969   14.2692690371194608
970   10.1441340075748521
971   21.6815149641960758
972   12.6987750725660700
973   10.5138182722401368
974   16.3593317712940340
975   17.2236533566953405
976   26.0061080316937492
977   24.9812055327675679
978   13.2729738003084545
979    5.2200494380052094
980    8.4791903442122347
981    6.9662080444076553
982   15.6999227140091460
983   12.4987695978856443
984    6.8634982930293775
985   20.3002102275836371
986    5.0532690837251728
987    8.7114511099890350
988   12.0852013924477752
989   10.0392136905688556
990   10.1583311252571580
991   19.9058974759345020
992   23.5282036883283645
993   14.4391470826143049
994   12.4377770462469392
995    6.0317791707379005
996    9.8539468826109058
997    4.2331016285509442
998    9.3708975104731511
999   11.4879979009373638
***   18.7301775404746849
***    1.0224585682808538
