 0.0000000000  0.0000000000000000
 0.0014306152  0.0973415374755859
 0.0028612304  1.1378846168518066
 0.0042918455 -2.7334866523742676
 0.0057224608  2.7284963130950928
 0.0071530761 -1.1088452339172363
 0.0085836910 -0.1664127409458160
 0.0100143058  0.0898690894246101
 0.0114449207  0.0290945172309875
 0.0128755355  1.1650265455245972
 0.0143061504 -2.7356963157653809
 0.0157367662  2.7207436561584473
 0.0171673819 -1.0779638290405273
 0.0185979977 -0.2362164258956909
 0.0200286135  0.1796584874391556
 0.0214592293 -0.0382647514343262
 0.0228898451  1.1902275085449219
 0.0243204609 -2.7351117134094238
 0.0257510766  2.7102456092834473
 0.0271816924 -1.0452846288681030
 0.0286123082 -0.3066890835762024
 0.0300429240  0.2692551612854004
 0.0314735398 -0.1046416163444519
 0.0329041556  1.2134351730346680
 0.0343347713 -2.7317206859588623
 0.0357653871  2.6970267295837402
 0.0371960029 -1.0108757019042969
 0.0386266187 -0.3777206540107727
 0.0400572345  0.3585653901100159
 0.0414878502 -0.1699581146240234
 0.0429184660  1.2346012592315674
 0.0443490818 -2.7255158424377441
 0.0457796976  2.6811146736145020
 0.0472103134 -0.9748051166534424
 0.0486409292 -0.4492221474647522
 0.0500715449  0.4474815130233765
 0.0515021607 -0.2341411113739014
 0.0529327765  1.2536798715591431
 0.0543633923 -2.7164931297302246
 0.0557940081  2.6625444889068604
 0.0572246239 -0.9371209144592285
 0.0586552396 -0.5211035609245300
 0.0600858554  0.5358871817588806
 0.0615164712 -0.2970723509788513
 0.0629470870  1.2706422805786133
 0.0643777028 -2.7046554088592529
 0.0658083186  2.6413369178771973
 0.0672389343 -0.8978869318962097
 0.0686695501 -0.5932588577270508
 0.0701001659  0.6237415075302124
 0.0715307817 -0.3587037920951843
 0.0729613975  1.2854377031326294
 0.0743920133 -2.6899974346160889
 0.0758226290  2.6175465583801270
 0.0772532448 -0.8571958541870117
 0.0786838606 -0.6656425595283508
 0.0801144764  0.7108736634254456
 0.0815450922 -0.4189866185188293
 0.0829757079  1.2980445623397827
 0.0844063237 -2.6725378036499023
 0.0858369395  2.5911934375762939
 0.0872675553 -0.8151005506515503
 0.0886981711 -0.7381012439727783
 0.0901287869  0.7972622513771057
 0.0915594026 -0.4777982234954834
 0.0929900184  1.3084213733673096
 0.0944206342 -2.6522712707519531
 0.0958512500  2.5623426437377930
 0.0972818658 -0.7716534137725830
 0.0987124816 -0.8106039762496948
 0.1001430973  0.8827393054962158
 0.1015737131 -0.5351185798645020
 0.1030043289  1.3165466785430908
 0.1044349447 -2.6292185783386230
 0.1058655605  2.5310153961181641
 0.1072961763 -0.7269642353057861
 0.1087267920 -0.8829658627510071
 0.1101574078  0.9672842025756836
 0.1115880236 -0.5908318161964417
 0.1130186394  1.3223950862884521
 0.1144492552 -2.6034076213836670
 0.1158798710  2.4972870349884033
 0.1173104867 -0.6810894012451172
 0.1187411025 -0.9552473425865173
 0.1201717183  1.0507328510284424
 0.1216023341 -0.6448976397514343
 0.1230329499  1.3259477615356445
 0.1244635656 -2.5748493671417236
 0.1258941740  2.4611964225769043
 0.1273247898 -0.6341050863265991
 0.1287554055 -1.0271409749984741
 0.1301860213  1.1330305337905884
 0.1316166371 -0.6972532868385315
 0.1330472529  1.3271799087524414
 0.1344778687 -2.5435671806335449
 0.1359084845  2.4227979183197021
 0.1373391002 -0.5860892534255981
 0.1387697160 -1.0987980365753174
 0.1402003318  1.2140879631042480
 0.1416309476 -0.7478389739990234
 0.1430615634  1.3260825872421265
 0.1444921792 -2.5095875263214111
 0.1459227949  2.3821487426757812
 0.1473534107 -0.5371208190917969
 0.1487840265 -1.1699428558349609
 0.1502146423  1.2938170433044434
 0.1516452581 -0.7965969443321228
 0.1530758739  1.3226377964019775
 0.1545064896 -2.4729409217834473
 0.1559371054  2.3393082618713379
 0.1573677212 -0.4872376322746277
 0.1587983370 -1.2405437231063843
 0.1602289528  1.3721318244934082
 0.1616595685 -0.8435113430023193
 0.1630901843  1.3168427944183350
 0.1645208001 -2.4336605072021484
 0.1659514159  2.2942998409271240
 0.1673820317 -0.4366059899330139
 0.1688126475 -1.3105084896087646
 0.1702432632  1.4489474296569824
 0.1716738790 -0.8884505033493042
 0.1731044948  1.3086899518966675
 0.1745351106 -2.3917825222015381
 0.1759657264  2.2472641468048096
 0.1773963422 -0.3852665424346924
 0.1788269579 -1.3797456026077271
 0.1802575737  1.5242447853088379
 0.1816881895 -0.9314055442810059
 0.1831188053  1.2981772422790527
 0.1845494211 -2.3473081588745117
 0.1859800369  2.1982316970825195
 0.1874106526 -0.3333030343055725
 0.1888412684 -1.4482216835021973
 0.1902718842  1.5978149175643921
 0.1917025000 -0.9723298549652100
 0.1931331158  1.2852938175201416
 0.1945637316 -2.3003554344177246
 0.1959943473  2.1472711563110352
 0.1974249631 -0.2807551622390747
 0.1988555789 -1.5157299041748047
 0.2002861947  1.6696442365646362
 0.2017168105 -1.0111799240112305
 0.2031474262  1.2700659036636353
 0.2045780420 -2.2509341239929199
 0.2060086578  2.0944545269012451
 0.2074392736 -0.2278424352407455
 0.2088698894 -1.5822956562042236
 0.2103005052  1.7397146224975586
 0.2117311209 -1.0479452610015869
 0.2131617367  1.2524909973144531
 0.2145923525 -2.1990926265716553
 0.2160229683  2.0398550033569336
 0.2174535841 -0.1745164394378662
 0.2188841999 -1.6477173566818237
 0.2203148156  1.8078327178955078
 0.2217454314 -1.0825257301330566
 0.2231760472  1.2325799465179443
 0.2246066630 -2.1448829174041748
 0.2260372788  1.9835486412048340
 0.2274678946 -0.1208170503377914
 0.2288985103 -1.7119646072387695
 0.2303291261  1.8739874362945557
 0.2317597419 -1.1149185895919800
 0.2331903577  1.2103471755981445
 0.2346209735 -2.0883600711822510
 0.2360515893  1.9255131483078003
 0.2374822050 -0.0670131370425224
 0.2389128208 -1.7749511003494263
 0.2403434366  1.9381085634231567
 0.2417740524 -1.1450924873352051
 0.2432046682  1.1858096122741699
 0.2446352839 -2.0295817852020264
 0.2460658997  1.8660247325897217
 0.2474965155 -0.0131009165197611
 0.2489271313 -1.8365921974182129
 0.2503577471  2.0001294612884521
 0.2517883480 -1.1730190515518188
 0.2532189488  1.1590354442596436
 0.2546495497 -1.9687132835388184
 0.2560801506  1.8053815364837646
 0.2575107515  0.0405579507350922
 0.2589413524 -1.8964005708694458
 0.2603719532  2.0595867633819580
 0.2618025541 -1.1984646320343018
 0.2632331550  1.1301627159118652
 0.2646637559 -1.9060467481613159
 0.2660943568  1.7434726953506470
 0.2675249577  0.0940606147050858
 0.2689555585 -1.9547191858291626
 0.2703861594  2.1168482303619385
 0.2718167603 -1.2216918468475342
 0.2732473612  1.0990862846374512
 0.2746779621 -1.8414535522460938
 0.2761085629  1.6802783012390137
 0.2775391638  0.1473222821950912
 0.2789697647 -2.0114693641662598
 0.2804003656  2.1718556880950928
 0.2818309665 -1.2426367998123169
 0.2832615674  1.0658361911773682
 0.2846921682 -1.7747795581817627
 0.2861227691  1.6158823966979980
 0.2875533700  0.2004403173923492
 0.2889839709 -2.0665743350982666
 0.2904145718  2.2244663238525391
 0.2918451726 -1.2612841129302979
 0.2932757735  1.0305068492889404
 0.2947063744 -1.7062023878097534
 0.2961369753  1.5503697395324707
 0.2975675762  0.2532386183738708
 0.2989981771 -2.1199588775634766
 0.3004287779  2.2748076915740967
 0.3018593788 -1.2776212692260742
 0.3032899797  0.9930127859115601
 0.3047205806 -1.6357944011688232
 0.3061511815  1.4839411973953247
 0.3075817823  0.3056327402591705
 0.3090123832 -2.1714634895324707
 0.3104429841  2.3227384090423584
 0.3118735850 -1.2916393280029297
 0.3133041859  0.9534509778022766
 0.3147347867 -1.5636286735534668
 0.3161653876  1.4164562225341797
 0.3175959885  0.3575389087200165
 0.3190265894 -2.2211930751800537
 0.3204571903  2.3682122230529785
 0.3218877912 -1.3033144474029541
 0.3233183920  0.9118627905845642
 0.3247489929 -1.4899091720581055
 0.3261795938  1.3481159210205078
 0.3276101947  0.4088739156723022
 0.3290407956 -2.2689890861511230
 0.3304713964  2.4111850261688232
 0.3319019973 -1.3126835823059082
 0.3333325982  0.8682921528816223
 0.3347631991 -1.4144613742828369
 0.3361938000  1.2790087461471558
 0.3376244009  0.4594693779945374
 0.3390550017 -2.3147842884063721
 0.3404856026  2.4515495300292969
 0.3419162035 -1.3197255134582520
 0.3433468044  0.8227859735488892
 0.3447774053 -1.3374898433685303
 0.3462080061  1.2092245817184448
 0.3476386070  0.5094169378280640
 0.3490692079 -2.3585140705108643
 0.3504998088  2.4894068241119385
 0.3519304097 -1.3244434595108032
 0.3533610106  0.7754765748977661
 0.3547916114 -1.2590763568878174
 0.3562222123  1.1389739513397217
 0.3576528132  0.5585491061210632
 0.3590834141 -2.4001164436340332
 0.3605140150  2.5246508121490479
 0.3619446158 -1.3268444538116455
 0.3633752167  0.7262541055679321
 0.3648058176 -1.1793048381805420
 0.3662364185  1.0681068897247314
 0.3676670194  0.6067861914634705
 0.3690976202 -2.4394659996032715
 0.3705282211  2.5572504997253418
 0.3719588220 -1.3269402980804443
 0.3733894229  0.6752528548240662
 0.3748200238 -1.0982600450515747
 0.3762506247  0.9968338608741760
 0.3776812255  0.6540501117706299
 0.3791118264 -2.4766402244567871
 0.3805424273  2.5871779918670654
 0.3819730282 -1.3247442245483398
 0.3834036291  0.6225303411483765
 0.3848342299 -1.0161705017089844
 0.3862648308  0.9252459406852722
 0.3876954317  0.7001856565475464
 0.3891260326 -2.5115144252777100
 0.3905566335  2.6144080162048340
 0.3919872344 -1.3202700614929199
 0.3934178352  0.5681462287902832
 0.3948484361 -0.9328430891036987
 0.3962790370  0.8534342646598816
 0.3977096379  0.7452754974365234
 0.3991402388 -2.5440373420715332
 0.4005708396  2.6388797760009766
 0.4020014405 -1.3135374784469604
 0.4034320414  0.5122600793838501
 0.4048626423 -0.8485069870948792
 0.4062932432  0.7814900875091553
 0.4077238441  0.7891656756401062
 0.4091544449 -2.5741095542907715
 0.4105850458  2.6606938838958740
 0.4120156467 -1.3045687675476074
 0.4134462476  0.4547449946403503
 0.4148768485 -0.7633993625640869
 0.4163074493  0.7095043063163757
 0.4177380502  0.8317838311195374
 0.4191686511 -2.6017880439758301
 0.4205992520  2.6796560287475586
 0.4220298529 -1.2933889627456665
 0.4234604537  0.3957622051239014
 0.4248910546 -0.6773204207420349
 0.4263216555  0.6375676393508911
 0.4277522564  0.8730590343475342
 0.4291828573 -2.6269750595092773
 0.4306134582  2.6959240436553955
 0.4320440590 -1.2800267934799194
 0.4334746599  0.3353806734085083
 0.4349052608 -0.5905082225799561
 0.4363358617  0.5660154819488525
 0.4377664626  0.9129223823547363
 0.4391970634 -2.6496300697326660
 0.4406276643  2.7094202041625977
 0.4420582652 -1.2645132541656494
 0.4434888661  0.2736713886260986
 0.4449194670 -0.5030565261840820
 0.4463500679  0.4944468140602112
 0.4477806687  0.9513071179389954
 0.4492112696 -2.6697149276733398
 0.4506418705  2.7201390266418457
 0.4520724714 -1.2469465732574463
 0.4535030723  0.2107075452804565
 0.4549336731 -0.4150597453117371
 0.4563642740  0.4231964051723480
 0.4577948749  0.9881478548049927
 0.4592254758 -2.6871950626373291
 0.4606560767  2.7280788421630859
 0.4620866776 -1.2272434234619141
 0.4635172784  0.1465639472007751
 0.4649478793 -0.3266131877899170
 0.4663784802  0.3523530662059784
 0.4678090811  1.0232642889022827
 0.4692396820 -2.7020385265350342
 0.4706702828  2.7332415580749512
 0.4721008837 -1.2054998874664307
 0.4735314846  0.0813174843788147
 0.4749620855 -0.2378126680850983
 0.4763926864  0.2820043861865997
 0.4778232872  1.0568364858627319
 0.4792538881 -2.7142164707183838
 0.4806844890  2.7356317043304443
 0.4821150899 -1.1817588806152344
 0.4835456908  0.0152747631072998
 0.4849762917 -0.1487543433904648
 0.4864068925  0.2122373282909393
 0.4878374934  1.0886826515197754
 0.4892680943 -2.7237038612365723
 0.4906986952  2.7352578639984131
 0.4921292961 -1.1560659408569336
 0.4935598969 -0.0519375503063202
 0.4949904978 -0.0595347657799721
 0.4964210987  0.1431375741958618
 0.4978516996  1.1187466382980347
 0.4992823005 -2.7304594516754150
 0.5007129312  2.7321312427520752
 0.5021435618 -1.1283710002899170
 0.5035741925 -0.1204810738563538
 0.5050048232  0.0303596705198288
 0.5064354539  0.0740931928157806
 0.5078660846  1.1473474502563477
 0.5092967153 -2.7345561981201172
 0.5107273459  2.7261428833007812
 0.5121579766 -1.0984983444213867
 0.5135886073 -0.1902882754802704
 0.5150192380  0.1208304911851883
 0.5164498687  0.0056731700897217
 0.5178804994  1.1740081310272217
 0.5193111300 -2.7358105182647705
 0.5207417607  2.7173750400543213
 0.5221723914 -1.0666666030883789
 0.5236030221 -0.2610476613044739
 0.5250336528  0.2111667096614838
 0.5264642835 -0.0618023276329041
 0.5278949142  1.1986778974533081
 0.5293255448 -2.7342276573181152
 0.5307561755  2.7058355808258057
 0.5321868062 -1.0331473350524902
 0.5336174369 -0.3321945369243622
 0.5350480676  0.3015710115432739
 0.5364786983 -0.1284714341163635
 0.5379093289  1.2213087081909180
 0.5393399596 -2.7297983169555664
 0.5407705903  2.6915493011474609
 0.5422012210 -0.9978970885276794
 0.5436318517 -0.4038753211498260
 0.5450624824  0.3913351893424988
 0.5464931130 -0.1938037872314453
 0.5479237437  1.2419209480285645
 0.5493543744 -2.7225160598754883
 0.5507850051  2.6745452880859375
 0.5522156358 -0.9609786272048950
 0.5536462665 -0.4759989082813263
 0.5550768971  0.4806635975837708
 0.5565075278 -0.2579447627067566
 0.5579381585  1.2603337764739990
 0.5593687892 -2.7123394012451172
 0.5607994199  2.6547851562500000
 0.5622300506 -0.9224569201469421
 0.5636606812 -0.5484733581542969
 0.5650913119  0.5694569349288940
 0.5665219426 -0.3208158016204834
 0.5679525733  1.2765805721282959
 0.5693832040 -2.6993381977081299
 0.5708138347  2.6324367523193359
 0.5722444654 -0.8822615146636963
 0.5736750960 -0.6214511394500732
 0.5751057267  0.6576164364814758
 0.5765363574 -0.3823402523994446
 0.5779669881  1.2906246185302734
 0.5793976188 -2.6834867000579834
 0.5808282495  2.6074776649475098
 0.5822588801 -0.8407322168350220
 0.5836895108 -0.6943481564521790
 0.5851201415  0.7453377246856689
 0.5865507722 -0.4426439404487610
 0.5879814029  1.3024332523345947
 0.5894120336 -2.6647934913635254
 0.5908426642  2.5799491405487061
 0.5922732949 -0.7978077530860901
 0.5937039256 -0.7673153877258301
 0.5951345563  0.8319339752197266
 0.5965651870 -0.5012487173080444
 0.5979958177  1.3120040893554688
 0.5994264483 -2.6432695388793945
 0.6008570790  2.5498962402343750
 0.6022877097 -0.7535614371299744
 0.6037183404 -0.8402580618858337
 0.6051489711  0.9176053404808044
 0.6065796018 -0.5582898855209351
 0.6080102324  1.3192459344863892
 0.6094408631 -2.6188433170318604
 0.6108714938  2.5172533988952637
 0.6123021245 -0.7080684900283813
 0.6137327552 -0.9130817651748657
 0.6151633859  1.0022569894790649
 0.6165940166 -0.6136995553970337
 0.6180246472  1.3241707086563110
 0.6194552779 -2.5916974544525146
 0.6208859086  2.4822907447814941
 0.6223165393 -0.6612462997436523
 0.6237471700 -0.9859358072280884
 0.6251778007  1.0857956409454346
 0.6266084313 -0.6674122810363770
 0.6280390620  1.3267580270767212
 0.6294696927 -2.5617761611938477
 0.6309003234  2.4449565410614014
 0.6323309541 -0.6134884357452393
 0.6337615848 -1.0582354068756104
 0.6351922154  1.1684043407440186
 0.6366228461 -0.7195376753807068
 0.6380534768  1.3269903659820557
 0.6394841075 -2.5291051864624023
 0.6409147382  2.4053075313568115
 0.6423453689 -0.5647192597389221
 0.6437759995 -1.1301308870315552
 0.6452066302  1.2494373321533203
 0.6466372609 -0.7696649432182312
 0.6480678916  1.3248425722122192
 0.6494985223 -2.4935894012451172
 0.6509291530  2.3634030818939209
 0.6523597836 -0.5150201320648193
 0.6537904143 -1.2015275955200195
 0.6552210450  1.3290849924087524
 0.6566516757 -0.8179145455360413
 0.6580823064  1.3203182220458984
 0.6595129371 -2.4554994106292725
 0.6609435678  2.3191530704498291
 0.6623741984 -0.4644737839698792
 0.6638048291 -1.2723312377929688
 0.6652354598  1.4072604179382324
 0.6666660905 -0.8642319440841675
 0.6680967212  1.3134067058563232
 0.6695273519 -2.4147558212280273
 0.6709579825  2.2729196548461914
 0.6723886132 -0.4129897654056549
 0.6738192439 -1.3426830768585205
 0.6752498746  1.4838781356811523
 0.6766805053 -0.9085651636123657
 0.6781111360  1.3041038513183594
 0.6795417666 -2.3713974952697754
 0.6809723973  2.2246246337890625
 0.6824030280 -0.3609991371631622
 0.6838336587 -1.4120167493820190
 0.6852642894  1.5591046810150146
 0.6866949201 -0.9510042071342468
 0.6881255507  1.2924091815948486
 0.6895561814 -2.3254666328430176
 0.6909868121  2.1743378639221191
 0.6924174428 -0.3084159195423126
 0.6938480735 -1.4804773330688477
 0.6952787042  1.6323525905609131
 0.6967093349 -0.9912175536155701
 0.6981399655  1.2782735824584961
 0.6995705962 -2.2768404483795166
 0.7010012269  2.1221311092376709
 0.7024318576 -0.2553267478942871
 0.7038624883 -1.5479732751846313
 0.7052931190  1.7037986516952515
 0.7067237496 -1.0293080806732178
 0.7081543803  1.2617981433868408
 0.7095850110 -2.2258944511413574
 0.7110156417  2.0678930282592773
 0.7124462724 -0.2018188238143921
 0.7138769031 -1.6144132614135742
 0.7153075337  1.7733654975891113
 0.7167381644 -1.0652358531951904
 0.7181687951  1.2429487705230713
 0.7195994258 -2.1725208759307861
 0.7210300565  2.0120646953582764
 0.7224606872 -0.1477981209754944
 0.7238913178 -1.6799261569976807
 0.7253219485  1.8409787416458130
 0.7267525792 -1.0989638566970825
 0.7281832099  1.2217382192611694
 0.7296138406 -2.1167740821838379
 0.7310444713  1.9545450210571289
 0.7324751019 -0.0937162190675735
 0.7339057326 -1.7439826726913452
 0.7353363633  1.9067835807800293
 0.7367669940 -1.1305606365203857
 0.7381976247  1.1981825828552246
 0.7396282554 -2.0587117671966553
 0.7410588861  1.8954138755798340
 0.7424895167 -0.0394807793200016
 0.7439201474 -1.8067177534103394
 0.7453507781  1.9702682495117188
 0.7467814088 -1.1597830057144165
 0.7482120395  1.1722097396850586
 0.7496426702 -1.9981865882873535
 0.7510733008  1.8347533941268921
 0.7525039315  0.0148193472996354
 0.7539345622 -1.8680453300476074
 0.7553651929  2.0315899848937988
 0.7567958236 -1.1867136955261230
 0.7582264543  1.1440174579620361
 0.7596570849 -1.9356689453125000
 0.7610877156  1.7724353075027466
 0.7625183463  0.0692780539393425
 0.7639489770 -1.9278813600540161
 0.7653796077  2.0906846523284912
 0.7668102384 -1.2113285064697266
 0.7682408690  1.1135479211807251
 0.7696714997 -1.8710250854492188
 0.7711021304  1.7089638710021973
 0.7725327611  0.1234401687979698
 0.7739633918 -1.9863367080688477
 0.7753940225  2.1474905014038086
 0.7768246531 -1.2336063385009766
 0.7782552838  1.0808304548263550
 0.7796859145 -1.8043231964111328
 0.7811165452  1.6442188024520874
 0.7825471759  0.1774000227451324
 0.7839778066 -2.0429375171661377
 0.7854084373  2.2021284103393555
 0.7868390679 -1.2535932064056396
 0.7882696986  1.0458974838256836
 0.7897003293 -1.7356346845626831
 0.7911309600  1.5782878398895264
 0.7925615907  0.2310690879821777
 0.7939922214 -2.0978038311004639
 0.7954228520  2.2541754245758057
 0.7968534827 -1.2711402177810669
 0.7982841134  1.0086557865142822
 0.7997147441 -1.6647915840148926
 0.8011453748  1.5112602710723877
 0.8025760055  0.2843593358993530
 0.8040066361 -2.1508584022521973
 0.8054372668  2.3037662506103516
 0.8068678975 -1.2863078117370605
 0.8082985282  0.9693943262100220
 0.8097291589 -1.5923463106155396
 0.8111597896  1.4429956674575806
 0.8125904202  0.3373603820800781
 0.8140210509 -2.2020261287689209
 0.8154516816  2.3508510589599609
 0.8168823123 -1.2991274595260620
 0.8183129430  0.9280334115028381
 0.8197435737 -1.5183951854705811
 0.8211742043  1.3740440607070923
 0.8226048350  0.3894536197185516
 0.8240354657 -2.2513971328735352
 0.8254660964  2.3953833580017090
 0.8268967271 -1.3095086812973022
 0.8283273578  0.8846179246902466
 0.8297579885 -1.4420011043548584
 0.8311886191  1.3042702674865723
 0.8326192498  0.4410846233367920
 0.8340498805 -2.2985684871673584
 0.8354805112  2.4373195171356201
 0.8369111419 -1.3174979686737061
 0.8383417726  0.8391954898834229
 0.8397724032 -1.3645176887512207
 0.8412030339  1.2337669134140015
 0.8426336646  0.4923313856124878
 0.8440642953 -2.3436412811279297
 0.8454949260  2.4766194820404053
 0.8469255567 -1.3230979442596436
 0.8483561873  0.7918168306350708
 0.8497868180 -1.2855229377746582
 0.8512174487  1.1626279354095459
 0.8526480794  0.5424227714538574
 0.8540787101 -2.3865494728088379
 0.8555093408  2.5134840011596680
 0.8569399714 -1.3263143301010132
 0.8583706021  0.7425354123115540
 0.8598012328 -1.2051035165786743
 0.8612318635  1.0909473896026611
 0.8626624942  0.5916213393211365
 0.8640931249 -2.4272305965423584
 0.8655237556  2.5473856925964355
 0.8669543862 -1.3271564245223999
 0.8683850169  0.6910567283630371
 0.8698156476 -1.1233477592468262
 0.8712462783  1.0188196897506714
 0.8726769090  0.6398451328277588
 0.8741075397 -2.4656233787536621
 0.8755381703  2.5785498619079590
 0.8769688010 -1.3256368637084961
 0.8783994317  0.6381296515464783
 0.8798300624 -1.0403453111648560
 0.8812606931  0.9458497762680054
 0.8826913238  0.6870136260986328
 0.8841219544 -2.5016701221466064
 0.8855525851  2.6069498062133789
 0.8869832158 -1.3217713832855225
 0.8884138465  0.5834770202636719
 0.8898444772 -0.9561877250671387
 0.8912751079  0.8731107711791992
 0.8927057385  0.7330477237701416
 0.8941363692 -2.5355343818664551
 0.8955669999  2.6325621604919434
 0.8969976306 -1.3155791759490967
 0.8984282613  0.5271632075309753
 0.8998588920 -0.8709678649902344
 0.9012895226  0.8002100586891174
 0.9027201533  0.7778697013854980
 0.9041507840 -2.5667095184326172
 0.9055814147  2.6553668975830078
 0.9070120454 -1.3070827722549438
 0.9084426761  0.4692547917366028
 0.9098733068 -0.7847798466682434
 0.9113039374  0.7272421121597290
 0.9127345681  0.8214036822319031
 0.9141651988 -2.5953819751739502
 0.9155958295  2.6753475666046143
 0.9170264602 -1.2962272167205811
 0.9184570909  0.4098209142684937
 0.9198877215 -0.6977192163467407
 0.9213183522  0.6543018221855164
 0.9227489829  0.8635756969451904
 0.9241796136 -2.6215047836303711
 0.9256102443  2.6924910545349121
 0.9270408750 -1.2831870317459106
 0.9284715056  0.3489328026771545
 0.9299021363 -0.6092876791954041
 0.9313327670  0.5814832448959351
 0.9327633977  0.9043133258819580
 0.9341940284 -2.6450350284576416
 0.9356246591  2.7067875862121582
 0.9370552897 -1.2679290771484375
 0.9384859204  0.2866639494895935
 0.9399165511 -0.5207679271697998
 0.9413471818  0.5088802576065063
 0.9427778125  0.9438056945800781
 0.9442084432 -2.6659326553344727
 0.9456390738  2.7182316780090332
 0.9470697045 -1.2504880428314209
 0.9485003352  0.2230902314186096
 0.9499309659 -0.4316684603691101
 0.9513615966  0.4365858435630798
 0.9527922273  0.9814552068710327
 0.9542228580 -2.6841607093811035
 0.9556534886  2.7268683910369873
 0.9570841193 -1.2309023141860962
 0.9585147500  0.1582891941070557
 0.9599453807 -0.3420884609222412
 0.9613760114  0.3646925389766693
 0.9628066421  1.0174654722213745
 0.9642372727 -2.6996850967407227
 0.9656679034  2.7325832843780518
 0.9670985341 -1.2092127799987793
 0.9685291648  0.0918918848037720
 0.9699597955 -0.2521274089813232
 0.9713904262  0.2932919263839722
 0.9728210568  1.0517727136611938
 0.9742516875 -2.7124757766723633
 0.9756823182  2.7354488372802734
 0.9771129489 -1.1854634284973145
 0.9785435796  0.0248699188232422
 0.9799742103 -0.1618855744600296
 0.9814048409  0.2219991385936737
 0.9828354716  1.0843155384063721
 0.9842661023 -2.7225055694580078
 0.9856967330  2.7354722023010254
 0.9871273637 -1.1597008705139160
 0.9885579944 -0.0431347191333771
 0.9899886250 -0.0714634135365486
 0.9914192557  0.1518594324588776
 0.9928498864  1.1150351762771606
 0.9942805171 -2.7297897338867188
 0.9957111478  2.7326653003692627
 0.9971417785 -1.1319748163223267
 0.9985724092 -0.1120373606681824
 1.0000029802  0.0190383661538363
